0 0.474995 0.207088 0.053906 0.076639
0 0.472844 0.463750 0.108583 0.211537
0 0.618099 0.541426 0.107865 0.222407
0 0.549057 0.269417 0.061781 0.106685
0 0.725365 0.065720 0.033750 0.049078
0 0.643620 0.328231 0.069740 0.123315
1 0.578203 0.153708 0.051719 0.122028
1 0.771406 0.054251 0.037292 0.062131
0 0.452875 0.182796 0.079438 0.072815
0 0.778672 0.108004 0.042031 0.066419
0 0.754219 0.156588 0.052083 0.075380
0 0.864062 0.161708 0.060417 0.081769
0 0.606823 0.115920 0.034167 0.056567
0 0.953776 0.299778 0.094531 0.120111
0 0.492406 0.100283 0.128229 0.152107
