1 0.366333 0.565769 0.134479 0.293685
0 0.580339 0.895694 0.160677 0.212315
0 0.498510 0.192944 0.066521 0.074370
0 0.724818 0.090444 0.035781 0.062724
0 0.594661 0.180407 0.048385 0.081519
0 0.589401 0.136093 0.036823 0.062722
0 0.664167 0.248889 0.056458 0.100333
0 0.757578 0.154444 0.047865 0.070778
0 0.649557 0.121324 0.035260 0.060037
0 0.913151 0.254704 0.082135 0.097630
0 0.591667 0.101629 0.032292 0.058243
0 0.634714 0.082386 0.033802 0.060931
0 0.974583 0.371519 0.052917 0.134333
0 0.488521 0.122608 0.125938 0.155931
