0 0.470469 0.223394 0.055688 0.081509
0 0.406536 0.669296 0.155135 0.289407
0 0.652448 0.252537 0.058958 0.100963
0 0.595599 0.126245 0.034948 0.062083
0 0.714531 0.074651 0.030000 0.049143
0 0.760286 0.077434 0.033906 0.051928
0 0.804922 0.064915 0.035469 0.051930
0 0.522937 0.359398 0.079750 0.139796
1 0.563359 0.168019 0.042552 0.095111
0 0.749141 0.177731 0.055677 0.071796
0 0.648620 0.114588 0.035990 0.062083
0 0.900521 0.255454 0.076458 0.098981
0 0.871016 0.416713 0.104844 0.149500
0 0.563906 0.103902 0.034896 0.064030
0 0.617891 0.087174 0.035469 0.049152
0 0.489411 0.116481 0.129927 0.161852
