0 0.372651 0.839000 0.190115 0.325704
0 0.675391 0.500259 0.096094 0.188370
0 0.516922 0.388546 0.083031 0.135907
0 0.468281 0.218532 0.053500 0.083454
0 0.647526 0.271972 0.066615 0.147574
0 0.564453 0.213676 0.055677 0.100944
0 0.641510 0.104873 0.034896 0.058198
0 0.597552 0.085084 0.027604 0.047757
0 0.769375 0.202019 0.056771 0.081519
0 0.826198 0.181620 0.054583 0.079574
0 0.877005 0.142759 0.053490 0.075685
0 0.804896 0.103902 0.044792 0.060141
0 0.952422 0.081557 0.097240 0.054311
0 0.579766 0.153444 0.042552 0.069852
1 0.576484 0.105842 0.038177 0.067909
0 0.913073 0.567287 0.149688 0.209722
0 0.486630 0.115296 0.123927 0.157111
