0 0.444604 0.639176 0.136563 0.258944
0 0.666641 0.381417 0.076406 0.146278
0 0.533115 0.317620 0.071687 0.121019
0 0.469010 0.213681 0.053500 0.082824
0 0.643151 0.222417 0.058594 0.121019
0 0.571198 0.183565 0.049479 0.089944
0 0.639688 0.086413 0.034167 0.056248
0 0.596875 0.079288 0.028750 0.047183
0 0.794714 0.248972 0.067344 0.100315
0 0.850625 0.216593 0.064792 0.092519
0 0.895234 0.159269 0.060781 0.076315
0 0.815990 0.114589 0.050937 0.065970
0 0.914922 0.084794 0.081198 0.059487
0 0.582135 0.134338 0.039271 0.064028
1 0.568464 0.101312 0.040365 0.071802
0 0.486297 0.111744 0.125490 0.156328
