0 0.392870 0.876889 0.189010 0.249926
0 0.469375 0.218532 0.053500 0.083454
0 0.674297 0.645981 0.142031 0.332148
0 0.502167 0.407972 0.090667 0.174759
0 0.646979 0.179676 0.045833 0.079574
0 0.597240 0.107789 0.031667 0.056256
0 0.725651 0.105846 0.037135 0.064030
0 0.775937 0.100985 0.039271 0.058196
0 0.826198 0.084473 0.037083 0.056257
0 0.784115 0.058243 0.033854 0.046541
0 0.978125 0.080588 0.045833 0.064028
0 0.554063 0.257398 0.061146 0.102870
1 0.573750 0.138875 0.037083 0.091231
0 0.775391 0.243796 0.068802 0.095111
0 0.646432 0.089328 0.033802 0.054307
0 0.971016 0.381741 0.060052 0.133963
0 0.958984 0.691639 0.084115 0.244722
0 0.488521 0.112528 0.127708 0.153944
