0 0.474901 0.210125 0.054094 0.084009
0 0.541156 0.357954 0.074042 0.140574
0 0.701536 0.880000 0.164635 0.243704
0 0.716094 0.060742 0.032083 0.048683
0 0.559323 0.167454 0.048854 0.088796
0 0.642552 0.241769 0.058542 0.100611
0 0.785339 0.063177 0.034427 0.051235
0 0.646953 0.145560 0.043281 0.071213
0 0.592943 0.122063 0.037031 0.063856
0 0.882474 0.225148 0.073490 0.096778
0 0.850469 0.356204 0.095417 0.130667
0 0.646510 0.100501 0.034271 0.055869
1 0.595833 0.071985 0.041979 0.073956
1 0.965026 0.345667 0.072031 0.185296
0 0.489687 0.107691 0.129146 0.152963
