0 0.476792 0.205171 0.053896 0.084324
0 0.309583 0.872009 0.215708 0.259685
0 0.500521 0.494750 0.101354 0.180204
0 0.651016 0.728722 0.139115 0.283778
1 0.550146 0.241602 0.071167 0.168685
0 0.456292 0.180236 0.081958 0.068972
0 0.752865 0.053092 0.028438 0.050539
0 0.724896 0.076677 0.036667 0.053628
0 0.810130 0.079556 0.040990 0.055554
0 0.593307 0.180241 0.045260 0.080481
0 0.838177 0.146676 0.056042 0.078556
0 0.900208 0.119828 0.055000 0.082400
0 0.585208 0.097773 0.046354 0.068972
0 0.649922 0.086266 0.033385 0.061302
0 0.494964 0.097914 0.126823 0.149209
