0 0.526922 0.391778 0.085531 0.145000
0 0.661198 0.254481 0.056042 0.100926
0 0.564635 0.232130 0.055313 0.083444
0 0.474292 0.225657 0.054583 0.075685
0 0.644609 0.168343 0.046927 0.095759
0 0.585599 0.152472 0.041094 0.074389
0 0.640781 0.077026 0.028333 0.046541
0 0.601068 0.082852 0.027656 0.045241
0 0.903073 0.478889 0.119479 0.170259
0 0.949896 0.369426 0.102292 0.135259
0 0.962266 0.239583 0.077552 0.099648
0 0.859922 0.162829 0.062240 0.075676
0 0.868828 0.119119 0.049531 0.062078
0 0.490078 0.123000 0.126823 0.146444
