0 0.473823 0.209481 0.054437 0.077593
0 0.481906 0.431463 0.099729 0.195556
0 0.622943 0.499556 0.099219 0.201296
0 0.551771 0.256472 0.059271 0.100611
0 0.727240 0.072912 0.035104 0.051231
0 0.643724 0.307769 0.065260 0.116907
1 0.579557 0.148595 0.051198 0.116920
1 0.774792 0.060046 0.037812 0.065841
0 0.452068 0.183620 0.079385 0.070722
0 0.782630 0.116358 0.044010 0.065061
0 0.758880 0.170176 0.053906 0.077611
0 0.874323 0.174481 0.064687 0.080481
0 0.607135 0.111861 0.033542 0.058185
0 0.961667 0.328287 0.078750 0.130426
0 0.491854 0.101271 0.127854 0.153424
