0 0.472354 0.220255 0.053729 0.077898
0 0.681667 0.911056 0.164062 0.181593
0 0.578906 0.197995 0.047188 0.076046
1 0.530000 0.336407 0.064167 0.160889
0 0.713880 0.079519 0.033906 0.050535
0 0.655859 0.248769 0.057135 0.093204
0 0.787943 0.107806 0.039635 0.058887
0 0.754818 0.156958 0.045365 0.068157
0 0.579557 0.129366 0.037552 0.070472
0 0.650365 0.133773 0.038854 0.062602
0 0.833073 0.183852 0.056875 0.079296
0 0.651667 0.093201 0.032083 0.051931
0 0.603307 0.095981 0.031302 0.053780
0 0.490078 0.120238 0.128156 0.160672
