0 0.473729 0.206449 0.053542 0.081769
0 0.516161 0.319278 0.077990 0.151444
0 0.500333 0.798417 0.168604 0.327241
0 0.636615 0.351880 0.075104 0.142500
0 0.564323 0.203569 0.053542 0.083676
0 0.773672 0.062219 0.035365 0.050644
0 0.737135 0.096816 0.041667 0.059387
0 0.646693 0.226903 0.052135 0.098380
1 0.587370 0.116310 0.048490 0.104769
1 0.794844 0.084351 0.046354 0.077928
0 0.451797 0.179602 0.084469 0.071537
0 0.809583 0.156269 0.055000 0.078574
0 0.790156 0.232019 0.068646 0.097111
0 0.942266 0.244481 0.085156 0.106667
0 0.491630 0.102852 0.127260 0.154344
