0 0.475172 0.206606 0.053906 0.077602
0 0.470849 0.469824 0.109969 0.212796
0 0.617031 0.551333 0.110000 0.228148
0 0.548792 0.272287 0.062000 0.107315
0 0.725104 0.064385 0.033646 0.049737
0 0.643464 0.332222 0.070052 0.125556
1 0.577917 0.154347 0.052292 0.122676
1 0.770859 0.052743 0.037031 0.062363
0 0.453057 0.182162 0.079802 0.072824
0 0.778047 0.105924 0.041510 0.066096
0 0.753490 0.153394 0.051771 0.074731
0 0.862161 0.158667 0.059844 0.081444
0 0.606745 0.116731 0.035052 0.056796
0 0.952240 0.294343 0.097604 0.118833
0 0.492521 0.100086 0.128292 0.151843
