0 0.472547 0.220838 0.053594 0.078139
0 0.681849 0.897269 0.165469 0.209167
0 0.579427 0.196833 0.047188 0.075111
1 0.531109 0.332472 0.063510 0.158574
0 0.714193 0.081261 0.033490 0.049848
0 0.655625 0.245528 0.056458 0.091352
0 0.789010 0.110007 0.039896 0.059578
0 0.755599 0.159620 0.045885 0.068389
0 0.579740 0.129833 0.037708 0.070944
0 0.650156 0.133773 0.038750 0.062139
0 0.834427 0.187676 0.057500 0.080907
0 0.651797 0.093664 0.031823 0.051931
0 0.603359 0.096448 0.031406 0.054252
0 0.489854 0.119639 0.128375 0.161056
