0 0.476698 0.205009 0.054083 0.083352
0 0.306797 0.878407 0.213740 0.246889
0 0.499177 0.502907 0.102271 0.184370
0 0.653438 0.746787 0.142500 0.291130
1 0.549594 0.245287 0.071854 0.170315
0 0.456203 0.180236 0.082490 0.068972
0 0.724349 0.076200 0.036615 0.053952
0 0.809219 0.077956 0.040625 0.055550
0 0.593021 0.182477 0.045833 0.081120
0 0.836536 0.144602 0.055677 0.078241
0 0.898021 0.117592 0.054271 0.081761
0 0.585729 0.098412 0.046354 0.068972
0 0.650000 0.087384 0.033958 0.061620
0 0.494896 0.097569 0.126854 0.149111
