0 0.470589 0.222824 0.055323 0.080981
0 0.412349 0.654120 0.151490 0.283685
0 0.652344 0.249204 0.058021 0.099963
0 0.595729 0.125528 0.034583 0.061315
0 0.714844 0.075813 0.030104 0.049152
0 0.760938 0.078360 0.034167 0.051928
0 0.805755 0.065843 0.035365 0.052393
0 0.524281 0.354370 0.079146 0.138593
1 0.563776 0.166491 0.042031 0.094648
0 0.750052 0.180144 0.055833 0.072898
0 0.648646 0.113150 0.035833 0.060626
0 0.903776 0.259398 0.077448 0.100426
0 0.875182 0.424741 0.106510 0.151556
0 0.563724 0.103314 0.034635 0.063169
0 0.617500 0.086590 0.035521 0.049376
0 0.489302 0.116083 0.129708 0.161056
