0 0.459536 0.590602 0.129990 0.236944
0 0.664479 0.355509 0.072083 0.135907
0 0.536026 0.302083 0.068781 0.118426
0 0.468281 0.213676 0.053500 0.085389
0 0.642057 0.210764 0.057865 0.118435
0 0.571563 0.177736 0.050208 0.091231
0 0.639323 0.082530 0.030521 0.056256
0 0.595052 0.078641 0.029479 0.048478
0 0.801615 0.265167 0.070938 0.099000
0 0.857917 0.228255 0.067708 0.095120
0 0.901068 0.163162 0.062240 0.073750
0 0.819635 0.120416 0.052396 0.069854
0 0.905443 0.089329 0.075365 0.058194
0 0.583594 0.131102 0.039271 0.060148
1 0.566641 0.100017 0.038177 0.071800
0 0.486073 0.112531 0.127708 0.157902
