0 0.868047 0.814157 0.173802 0.270204
0 0.636016 0.566954 0.091719 0.168463
1 0.470380 0.245880 0.098823 0.093722
0 0.587161 0.244093 0.040573 0.072111
1 0.578281 0.179245 0.028854 0.066694
0 0.619323 0.160778 0.030937 0.053185
0 0.920990 0.357556 0.080104 0.091926
0 0.843229 0.213019 0.038021 0.058593
0 0.773802 0.212116 0.038021 0.058583
0 0.771068 0.194282 0.041302 0.053324
0 0.777891 0.170639 0.040156 0.047759
0 0.736823 0.164722 0.036250 0.044278
0 0.738594 0.129597 0.030417 0.051935
1 0.719635 0.142463 0.031563 0.055407
0 0.704349 0.134468 0.029219 0.046361
0 0.683438 0.118472 0.026458 0.036630
0 0.715104 0.112213 0.026458 0.036630
0 0.931615 0.439519 0.096250 0.124333
0 0.601328 0.136014 0.025365 0.039676
0 0.972464 0.272034 0.057156 0.196413
