1 0.608151 0.448435 0.070260 0.186204
0 0.805182 0.576537 0.115990 0.190667
0 0.818333 0.236787 0.048958 0.062574
0 0.769323 0.143782 0.031146 0.043620
0 0.793125 0.169125 0.036146 0.048639
0 0.733594 0.159657 0.031771 0.048630
0 0.727344 0.117051 0.026771 0.040287
0 0.714661 0.142671 0.028906 0.042509
0 0.827266 0.271602 0.058698 0.075352
0 0.666875 0.284963 0.051146 0.087630
0 0.578073 0.239583 0.040833 0.072574
0 0.597474 0.189731 0.033281 0.055315
0 0.529813 0.173019 0.028292 0.049741
0 0.575703 0.152690 0.026094 0.042509
0 0.568984 0.133481 0.023906 0.038611
0 0.850411 0.172577 0.093260 0.140513
0 0.965187 0.252188 0.071708 0.242846
