1 0.673151 0.877148 0.144531 0.249407
0 0.810677 0.214528 0.038646 0.052537
0 0.747370 0.125958 0.026719 0.036935
0 0.763516 0.146569 0.032656 0.042509
0 0.726250 0.147125 0.028958 0.041398
0 0.706797 0.132088 0.025781 0.038046
0 0.804401 0.246537 0.053073 0.068704
0 0.761953 0.493546 0.089740 0.146093
0 0.596693 0.349306 0.056198 0.100426
0 0.598437 0.264370 0.045208 0.072037
0 0.532000 0.230398 0.036417 0.065352
0 0.581354 0.193634 0.031771 0.053102
0 0.575703 0.167458 0.028594 0.046417
0 0.975156 0.376870 0.049896 0.103222
0 0.818964 0.158756 0.078823 0.121561
0 0.937630 0.216234 0.126823 0.218346
