1 0.417187 0.254000 0.109958 0.093704
0 0.591953 0.359361 0.058281 0.099130
1 0.584870 0.226074 0.034948 0.090111
0 0.648177 0.215718 0.041042 0.065787
0 0.871354 0.297222 0.064896 0.081111
0 0.823724 0.184653 0.039531 0.052287
0 0.784974 0.203116 0.046094 0.054991
0 0.765469 0.185097 0.040521 0.049583
0 0.772734 0.153806 0.034740 0.045926
0 0.735339 0.159389 0.033698 0.044333
1 0.715911 0.133218 0.029323 0.051417
0 0.700130 0.126120 0.027135 0.045426
0 0.886797 0.355306 0.072448 0.098204
0 0.620339 0.163481 0.028906 0.047778
0 0.568151 0.149074 0.026927 0.045981
0 0.938911 0.226602 0.124260 0.180611
