0 0.723437 0.426009 0.079063 0.126130
0 0.608932 0.343157 0.055781 0.091907
1 0.498740 0.249944 0.081583 0.096407
0 0.584115 0.199963 0.033438 0.055889
1 0.578516 0.156278 0.025365 0.054981
0 0.609557 0.137694 0.026615 0.040648
0 0.979323 0.458741 0.041667 0.120407
0 0.849609 0.243426 0.042031 0.064259
0 0.779271 0.225139 0.039062 0.060574
0 0.786901 0.208190 0.038594 0.054694
0 0.767344 0.186634 0.044062 0.050546
0 0.742214 0.172343 0.035469 0.047315
0 0.769948 0.152491 0.036667 0.055093
1 0.727240 0.152204 0.033542 0.058185
0 0.712161 0.145597 0.030781 0.046361
0 0.694557 0.133426 0.029219 0.040111
0 0.732135 0.127861 0.027604 0.040111
