1 0.644323 0.721898 0.112292 0.317093
0 0.810208 0.227741 0.041771 0.054481
0 0.752552 0.138352 0.029271 0.040556
0 0.771901 0.161185 0.035677 0.045574
0 0.728047 0.160495 0.027865 0.042509
0 0.708151 0.143088 0.029115 0.037213
0 0.811849 0.260741 0.053802 0.068111
0 0.719661 0.407222 0.069948 0.119926
0 0.589089 0.312954 0.051302 0.087907
0 0.597891 0.241806 0.040365 0.067574
0 0.530276 0.216602 0.034552 0.061722
0 0.578359 0.186394 0.028906 0.051435
0 0.572344 0.159102 0.026875 0.040278
0 0.826578 0.167343 0.081156 0.128463
0 0.942911 0.237071 0.116260 0.231969
