0 0.764453 0.536324 0.102344 0.164870
0 0.618542 0.412954 0.066875 0.114426
1 0.490130 0.250843 0.087656 0.091019
0 0.588411 0.215264 0.035990 0.061287
1 0.580547 0.167542 0.025365 0.063102
0 0.615521 0.147273 0.028438 0.044176
0 0.960521 0.403944 0.079063 0.105444
0 0.849036 0.231926 0.040573 0.065815
0 0.779141 0.219315 0.037552 0.062185
0 0.781432 0.202213 0.041094 0.056796
0 0.774323 0.181046 0.045104 0.054093
0 0.742422 0.169333 0.034948 0.045074
0 0.756849 0.141421 0.032448 0.054083
1 0.725443 0.148176 0.031406 0.058593
0 0.711276 0.140968 0.028385 0.047787
0 0.692240 0.127856 0.026875 0.037324
0 0.726276 0.121944 0.029219 0.036630
0 0.960755 0.506611 0.080573 0.139630
