1 0.415078 0.256398 0.109448 0.093722
0 0.591536 0.364472 0.058490 0.100907
1 0.584453 0.229681 0.034844 0.090713
0 0.648438 0.219472 0.041250 0.066685
0 0.870000 0.298417 0.064896 0.080500
0 0.822526 0.185843 0.039531 0.052278
0 0.784870 0.205065 0.046615 0.054685
0 0.764792 0.187046 0.040937 0.049870
0 0.771667 0.155380 0.035000 0.046241
0 0.734557 0.161204 0.033594 0.044574
1 0.715208 0.135352 0.029375 0.051704
0 0.699297 0.127917 0.026510 0.044704
0 0.885521 0.355463 0.072292 0.098519
0 0.620260 0.166343 0.028750 0.048093
0 0.567734 0.151926 0.027031 0.046889
0 0.938188 0.226111 0.125708 0.179630
