1 0.355313 0.261574 0.120396 0.095407
0 0.607500 0.498009 0.080312 0.147204
1 0.587135 0.272435 0.042708 0.111574
0 0.675182 0.271880 0.053385 0.081500
0 0.851380 0.271046 0.057448 0.073167
0 0.804740 0.168014 0.039271 0.049750
0 0.800339 0.194468 0.051823 0.054769
0 0.757396 0.175810 0.039271 0.047528
0 0.760078 0.139046 0.032656 0.045296
0 0.732031 0.151856 0.034896 0.043065
1 0.711823 0.125681 0.028958 0.050861
0 0.696016 0.119556 0.026094 0.040833
0 0.866276 0.315602 0.067760 0.088722
0 0.631615 0.189454 0.035208 0.054759
0 0.571328 0.170236 0.031719 0.050861
0 0.603281 0.135431 0.027396 0.042509
0 0.536849 0.130417 0.023594 0.039167
0 0.904854 0.206750 0.117271 0.162241
