0 0.136411 0.876778 0.184823 0.227037
0 0.050375 0.631250 0.098667 0.421019
0 0.311630 0.247843 0.052156 0.076907
0 0.365297 0.303343 0.058594 0.105759
0 0.293854 0.533472 0.101479 0.166981
0 0.447854 0.501074 0.083708 0.150407
0 0.375188 0.255935 0.049042 0.079685
0 0.459854 0.343843 0.057479 0.102204
0 0.419630 0.210312 0.036594 0.061117
0 0.483521 0.232630 0.041708 0.065444
0 0.384854 0.152040 0.061271 0.127883
0 0.442188 0.168630 0.030604 0.050444
0 0.482854 0.180481 0.032813 0.055185
0 0.947745 0.588778 0.106594 0.449852
