0 0.063818 0.913519 0.125552 0.151963
0 0.045486 0.517463 0.088889 0.150000
0 0.630521 0.173766 0.036604 0.059135
0 0.359964 0.647833 0.106594 0.185556
0 0.272740 0.524380 0.094375 0.163833
0 0.781073 0.217222 0.037708 0.055185
0 0.714964 0.220185 0.036594 0.049259
0 0.254411 0.416731 0.073260 0.110500
0 0.426635 0.405861 0.071042 0.140130
0 0.839411 0.301176 0.056594 0.076907
1 0.831078 0.189568 0.035490 0.063087
0 0.376078 0.232037 0.045490 0.076926
0 0.699969 0.471056 0.071042 0.120370
1 0.931630 0.685370 0.138823 0.260630
0 0.967745 0.333769 0.066594 0.082833
0 0.981630 0.514509 0.038823 0.116426
