0 0.039375 0.686361 0.076667 0.175685
1 0.380521 0.527343 0.085479 0.165796
0 0.403854 0.267593 0.041042 0.061111
0 0.402187 0.177719 0.028813 0.043339
0 0.454406 0.171787 0.024375 0.035426
0 0.701078 0.166855 0.028823 0.041365
0 0.754411 0.177719 0.028823 0.043339
0 0.658302 0.199442 0.034375 0.051228
0 0.738854 0.211294 0.039938 0.063080
0 0.630521 0.286352 0.041042 0.067037
0 0.806078 0.342657 0.058823 0.080870
1 0.933302 0.350556 0.077708 0.104556
0 0.652745 0.416722 0.058823 0.102593
0 0.820521 0.526361 0.085479 0.116426
0 0.946078 0.494759 0.109927 0.132222
0 0.793297 0.972037 0.133260 0.059630
