0 0.081599 0.924630 0.161115 0.154444
0 0.628297 0.178701 0.029927 0.045302
1 0.670521 0.166855 0.027708 0.053217
1 0.638297 0.225130 0.038823 0.067037
0 0.434406 0.545120 0.084375 0.146056
0 0.356630 0.412778 0.062156 0.094704
0 0.755521 0.216231 0.037708 0.053204
1 0.327188 0.301167 0.052146 0.096667
0 0.658302 0.341667 0.054375 0.078889
1 0.728297 0.283389 0.052156 0.084815
1 0.443297 0.241917 0.035490 0.069019
1 0.408302 0.207349 0.027708 0.055191
0 0.367188 0.193521 0.029937 0.047291
0 0.916635 0.687343 0.131042 0.177648
0 0.474964 0.193521 0.029927 0.047291
