0 0.639406 0.179102 0.027708 0.045315
0 0.684302 0.183642 0.031708 0.046494
0 0.404854 0.476778 0.081708 0.157889
0 0.731630 0.277074 0.046823 0.066630
0 0.301411 0.276481 0.045927 0.067815
0 0.658630 0.299593 0.044823 0.072185
0 0.439854 0.276093 0.041937 0.081259
0 0.814406 0.211093 0.036375 0.051630
0 0.811964 0.290111 0.049260 0.065074
0 0.814521 0.459398 0.079271 0.111278
0 0.881297 0.258315 0.051927 0.071778
0 0.730073 0.537426 0.089042 0.132222
0 0.932521 0.670157 0.137042 0.170944
0 0.530969 0.197077 0.030375 0.052031
