0 0.081375 0.897519 0.160667 0.182407
0 0.329630 0.848926 0.148594 0.255074
0 0.662745 0.284778 0.048156 0.074148
0 0.212078 0.312037 0.064156 0.086778
0 0.756078 0.331000 0.057927 0.085222
0 0.865740 0.206358 0.047042 0.055580
0 0.337969 0.252981 0.053708 0.080074
1 0.872521 0.313815 0.074375 0.117222
0 0.702521 0.477167 0.082812 0.140519
0 0.836630 0.240926 0.054156 0.067037
1 0.436969 0.180877 0.046375 0.113654
0 0.941745 0.480926 0.087927 0.135370
0 0.499406 0.206753 0.035708 0.054791
0 0.378854 0.168824 0.038604 0.065056
0 0.463521 0.353907 0.055479 0.104963
