0 0.665297 0.179497 0.025260 0.037413
0 0.718187 0.182852 0.029271 0.038593
0 0.627745 0.212481 0.028823 0.052815
0 0.182302 0.798352 0.145042 0.223481
0 0.240188 0.455444 0.074146 0.103370
0 0.273630 0.327250 0.055260 0.069796
0 0.454745 0.499694 0.068156 0.123130
1 0.398630 0.351741 0.047927 0.101407
0 0.807406 0.219981 0.037042 0.050444
0 0.779188 0.258907 0.042813 0.063481
0 0.666187 0.331593 0.043042 0.073741
0 0.486964 0.342259 0.044156 0.075333
0 0.764297 0.360630 0.057927 0.085222
0 0.848297 0.263250 0.042823 0.057944
0 0.496854 0.246852 0.039042 0.071000
0 0.882745 0.627491 0.108156 0.150389
0 0.395297 0.201815 0.027490 0.043333
0 0.759745 0.807639 0.118156 0.199389
0 0.505078 0.176534 0.023927 0.048080
