0 0.719411 0.170405 0.025927 0.035820
0 0.626745 0.204583 0.029490 0.048870
0 0.732411 0.195102 0.031490 0.048870
1 0.312854 0.754907 0.138146 0.294593
0 0.370188 0.397759 0.061271 0.095481
0 0.694630 0.235398 0.036823 0.070981
1 0.258745 0.409222 0.064156 0.122333
0 0.785073 0.272926 0.043042 0.059926
0 0.360297 0.292870 0.044156 0.061111
0 0.761854 0.356083 0.057479 0.081648
0 0.406297 0.218602 0.032594 0.047685
0 0.710521 0.509963 0.073479 0.110481
0 0.861521 0.584241 0.107042 0.140519
0 0.933964 0.462556 0.086594 0.103370
0 0.476411 0.199836 0.030594 0.050439
0 0.524630 0.194509 0.029260 0.047685
