0 0.041819 0.550259 0.081555 0.140519
0 0.100078 0.867343 0.160156 0.269019
0 0.715188 0.230657 0.037937 0.059130
0 0.653964 0.228481 0.038594 0.060333
0 0.748411 0.283991 0.050156 0.072574
0 0.459521 0.444185 0.071042 0.117222
1 0.801854 0.247444 0.041937 0.074556
0 0.690073 0.390648 0.061042 0.093111
0 0.843854 0.228093 0.041479 0.061111
0 0.436521 0.272139 0.047271 0.068611
0 0.362073 0.274704 0.043708 0.062704
0 0.392521 0.234407 0.036146 0.058741
0 0.352745 0.205370 0.033490 0.048074
0 0.757188 0.619398 0.095708 0.153944
0 0.929964 0.446954 0.091490 0.107722
0 0.966078 0.848130 0.069927 0.195037
