0 0.630521 0.178706 0.029479 0.048476
0 0.684521 0.200827 0.033479 0.047680
0 0.739302 0.206160 0.032375 0.044124
0 0.637521 0.260481 0.039479 0.058741
0 0.725630 0.297611 0.051260 0.080074
0 0.655740 0.350750 0.053708 0.084426
0 0.310854 0.258907 0.042604 0.061111
0 0.487964 0.274704 0.042156 0.066630
1 0.376078 0.248833 0.042823 0.076519
0 0.828854 0.329417 0.055479 0.078093
0 0.878521 0.273519 0.049042 0.065852
0 0.836302 0.482509 0.079708 0.111685
0 0.734302 0.555991 0.082375 0.128278
0 0.968630 0.522407 0.064823 0.139333
0 0.776964 0.901917 0.152156 0.199870
0 0.952297 0.847944 0.097490 0.186741
