0 0.637521 0.204188 0.027938 0.047291
0 0.739964 0.185818 0.029260 0.036624
0 0.705969 0.224130 0.035042 0.049259
0 0.783854 0.178312 0.034813 0.042154
0 0.254635 0.511148 0.087042 0.121556
0 0.777297 0.228676 0.040823 0.054389
0 0.664745 0.311843 0.043260 0.076907
1 0.758630 0.321917 0.046594 0.096278
0 0.829187 0.222759 0.041479 0.052815
1 0.270073 0.284583 0.062375 0.100611
0 0.812411 0.295250 0.054156 0.079278
0 0.432078 0.255741 0.038823 0.063481
0 0.907297 0.299194 0.052823 0.065056
0 0.733745 0.607546 0.090156 0.153167
1 0.940521 0.732778 0.121042 0.241667
