0 0.669745 0.191148 0.029260 0.043333
0 0.442854 0.420083 0.060375 0.093500
0 0.630188 0.232037 0.035042 0.056370
0 0.724411 0.256537 0.044823 0.070593
1 0.384964 0.333759 0.057490 0.100222
1 0.262411 0.279444 0.063490 0.118000
0 0.493969 0.276685 0.041708 0.075333
0 0.675187 0.400926 0.065479 0.101000
0 0.389630 0.221370 0.036594 0.053222
0 0.451630 0.224528 0.033927 0.050056
0 0.513745 0.203000 0.028823 0.045704
0 0.879521 0.296231 0.057708 0.072574
0 0.419630 0.189571 0.028594 0.045709
0 0.457411 0.190947 0.028594 0.037402
0 0.748521 0.759639 0.122375 0.208463
0 0.947964 0.793417 0.106156 0.207278
