0 0.616521 0.181868 0.029042 0.046894
0 0.673969 0.176926 0.029708 0.043333
0 0.633078 0.220389 0.034156 0.052815
0 0.273297 0.613269 0.107927 0.161463
0 0.700297 0.221963 0.040156 0.055185
0 0.344302 0.297426 0.045042 0.067037
0 0.767411 0.164877 0.028156 0.038198
0 0.243411 0.341074 0.061490 0.086407
0 0.478964 0.343843 0.048594 0.081648
0 0.383635 0.235991 0.038375 0.055574
0 0.503635 0.265222 0.037042 0.059519
1 0.431078 0.251593 0.047927 0.107333
0 0.785521 0.226315 0.042146 0.064667
0 0.325411 0.236778 0.037490 0.056370
0 0.668969 0.380185 0.059708 0.093519
0 0.841854 0.324880 0.059271 0.081648
0 0.864635 0.394204 0.064375 0.095481
0 0.458411 0.213463 0.033260 0.056370
0 0.921521 0.313222 0.060813 0.074926
0 0.479302 0.177713 0.027042 0.042537
0 0.524073 0.181861 0.029042 0.046093
