0 0.694854 0.192725 0.033271 0.055180
0 0.101632 0.845759 0.164153 0.263778
0 0.186297 0.486259 0.087260 0.117593
0 0.387302 0.616231 0.096375 0.156315
0 0.757073 0.203197 0.035042 0.052420
0 0.652521 0.270556 0.041042 0.066259
0 0.807854 0.188775 0.033479 0.046487
0 0.332745 0.445769 0.080156 0.112463
0 0.736411 0.251593 0.036823 0.062296
0 0.214188 0.345222 0.067042 0.083630
1 0.488302 0.284380 0.046375 0.098648
0 0.421964 0.268778 0.043927 0.069000
1 0.726740 0.533074 0.089042 0.185963
0 0.337521 0.210898 0.038146 0.054389
1 0.413521 0.189368 0.031479 0.061894
0 0.460964 0.192926 0.031260 0.044519
