0 0.115634 0.918509 0.165045 0.166685
0 0.402187 0.655148 0.101708 0.177259
0 0.306521 0.517074 0.087708 0.129444
0 0.625188 0.220380 0.034813 0.054389
0 0.089298 0.608139 0.124820 0.197796
0 0.450073 0.370898 0.055708 0.084426
0 0.767630 0.251194 0.041490 0.054389
0 0.416297 0.280231 0.045927 0.066648
0 0.824406 0.227685 0.041708 0.058741
0 0.781302 0.435500 0.067042 0.101407
0 0.315406 0.245472 0.042375 0.061907
0 0.512078 0.183046 0.024594 0.043722
0 0.774521 0.811389 0.137937 0.209259
0 0.969521 0.849120 0.063042 0.208870
