0 0.639854 0.177516 0.029479 0.047672
0 0.698630 0.199836 0.033260 0.052809
0 0.635406 0.220583 0.031708 0.052426
0 0.757188 0.201620 0.035708 0.052426
0 0.653969 0.280833 0.041708 0.069407
0 0.736969 0.268185 0.045042 0.067815
0 0.352411 0.434306 0.069260 0.102204
0 0.137634 0.426602 0.073045 0.111278
0 0.345521 0.295250 0.051937 0.071389
0 0.472188 0.378796 0.059479 0.095481
0 0.819521 0.206753 0.038604 0.050050
0 0.687187 0.379991 0.053479 0.082833
0 0.272406 0.283398 0.048375 0.066648
0 0.429078 0.270556 0.043927 0.065444
1 0.827854 0.454657 0.071708 0.131833
1 0.755854 0.695046 0.120604 0.219130
0 0.941740 0.441222 0.091042 0.110481
0 0.947297 0.716583 0.107490 0.182389
0 0.475078 0.182454 0.030594 0.054389
