0 0.090522 0.602407 0.116601 0.169741
1 0.623302 0.168827 0.031042 0.057161
0 0.369969 0.743639 0.117708 0.219130
0 0.179406 0.828583 0.147708 0.234944
0 0.222745 0.409815 0.072156 0.096667
0 0.676073 0.173762 0.027708 0.043328
0 0.732187 0.181664 0.033271 0.051228
0 0.461630 0.378204 0.063260 0.120370
1 0.699411 0.234019 0.038823 0.072963
0 0.404969 0.314019 0.047708 0.078889
0 0.767745 0.378213 0.062156 0.080870
0 0.494969 0.268574 0.041042 0.067037
1 0.459964 0.207349 0.035490 0.067043
0 0.720521 0.556972 0.083271 0.122352
0 0.408297 0.192534 0.029927 0.049265
0 0.941078 0.601417 0.119927 0.159870
1 0.989964 0.407843 0.022156 0.100611
