0 0.636188 0.178312 0.032813 0.046894
0 0.703187 0.176528 0.028146 0.040167
0 0.148189 0.822065 0.153268 0.217944
0 0.319411 0.328833 0.057490 0.075333
0 0.720969 0.208926 0.031708 0.052815
0 0.177630 0.575352 0.108594 0.148815
0 0.758630 0.328037 0.053260 0.087963
0 0.483073 0.301176 0.047042 0.076130
0 0.424411 0.259296 0.043490 0.060333
0 0.322188 0.224139 0.043042 0.069796
0 0.717521 0.534259 0.093271 0.176481
0 0.508188 0.209917 0.034604 0.057167
0 0.440521 0.203794 0.033479 0.064672
0 0.929411 0.325472 0.064594 0.082056
0 0.961297 0.478556 0.079490 0.118000
0 0.948297 0.744231 0.105490 0.195833
0 0.393521 0.196090 0.031479 0.051635
