0 0.071042 0.655741 0.140000 0.173704
0 0.638297 0.185614 0.025490 0.043328
0 0.688302 0.196481 0.034375 0.049259
0 0.741630 0.189565 0.032156 0.047278
0 0.229411 0.685370 0.125490 0.209259
0 0.367188 0.745611 0.121042 0.227037
0 0.319411 0.354509 0.056594 0.080870
0 0.352745 0.457222 0.065490 0.104556
1 0.660521 0.315000 0.043271 0.088778
0 0.751630 0.311046 0.052156 0.069019
0 0.792188 0.259685 0.044375 0.061111
1 0.428297 0.263639 0.052156 0.116426
0 0.783854 0.395000 0.065479 0.086778
0 0.861630 0.253769 0.049927 0.065056
0 0.891073 0.378213 0.071042 0.080870
0 0.727740 0.673519 0.104375 0.177667
0 0.516630 0.213269 0.033260 0.059130
0 0.475521 0.210306 0.031042 0.053204
0 0.415521 0.207343 0.033271 0.047278
0 0.482745 0.188581 0.029927 0.041357
0 0.444964 0.170806 0.023260 0.033463
0 0.409964 0.166852 0.028823 0.037407
0 0.978854 0.395991 0.044375 0.088759
0 0.488854 0.304130 0.051042 0.078889
