0 0.197854 0.492778 0.085479 0.118778
0 0.338854 0.814556 0.128812 0.240074
0 0.307521 0.337519 0.055042 0.082444
0 0.443635 0.486657 0.069042 0.117611
1 0.317073 0.463148 0.100375 0.212815
0 0.174740 0.392037 0.069042 0.095074
0 0.637297 0.238361 0.037260 0.055574
0 0.761630 0.221963 0.037490 0.053593
0 0.725406 0.241713 0.035708 0.053611
0 0.401302 0.320139 0.055042 0.084019
0 0.798187 0.194898 0.035937 0.046093
0 0.445188 0.252380 0.037042 0.058352
0 0.496521 0.277861 0.042813 0.062685
0 0.692078 0.421870 0.065490 0.100222
1 0.796964 0.422454 0.080594 0.140907
0 0.880745 0.283796 0.054823 0.068222
1 0.771630 0.748972 0.136594 0.252722
0 0.528078 0.183836 0.029927 0.046883
0 0.478187 0.180083 0.027479 0.042537
