0 0.635854 0.190361 0.030812 0.048870
0 0.698411 0.182259 0.033260 0.049259
0 0.188854 0.503639 0.094604 0.131833
0 0.655854 0.244083 0.037937 0.061500
0 0.025819 0.563102 0.049555 0.133796
0 0.312854 0.502454 0.086604 0.127870
1 0.743411 0.278065 0.042823 0.089167
1 0.676740 0.355685 0.059708 0.110889
0 0.820187 0.265417 0.055479 0.070981
0 0.798187 0.367148 0.066604 0.099815
0 0.421745 0.277074 0.043927 0.069815
0 0.847411 0.219000 0.041927 0.057148
0 0.504297 0.241120 0.038823 0.064278
0 0.404406 0.199645 0.035042 0.054006
1 0.770854 0.667000 0.117271 0.234926
0 0.929854 0.299000 0.060604 0.068630
0 0.465411 0.201021 0.035260 0.057550
0 0.956521 0.440833 0.089042 0.109704
