0 0.641521 0.222954 0.031479 0.054796
0 0.301969 0.849907 0.147042 0.234148
0 0.748745 0.207741 0.034823 0.044926
0 0.716854 0.250213 0.040813 0.057944
0 0.796854 0.192531 0.037708 0.047680
0 0.315969 0.418315 0.069708 0.102593
0 0.793521 0.249028 0.045708 0.054796
0 0.674964 0.347787 0.048594 0.086389
1 0.778521 0.364185 0.053479 0.107333
0 0.850073 0.243889 0.043708 0.054000
1 0.304187 0.249815 0.051042 0.076926
0 0.838411 0.335148 0.060823 0.090333
0 0.445964 0.231843 0.035927 0.052019
0 0.944635 0.336537 0.064375 0.074148
0 0.772521 0.758454 0.114375 0.194241
