0 0.635521 0.188577 0.031042 0.049254
0 0.697745 0.180682 0.033260 0.049265
0 0.182745 0.511546 0.096594 0.134204
0 0.655521 0.241907 0.037708 0.061111
0 0.020486 0.571796 0.038889 0.132222
0 0.307745 0.511546 0.088823 0.130241
1 0.742188 0.275491 0.042146 0.088759
1 0.676078 0.351546 0.058823 0.110500
0 0.817745 0.262657 0.055490 0.070981
0 0.796078 0.362407 0.065490 0.100630
0 0.419969 0.280435 0.044375 0.070981
0 0.844969 0.216231 0.041042 0.057167
0 0.503854 0.243889 0.038812 0.065074
0 0.403297 0.201423 0.035490 0.055191
1 0.766630 0.651787 0.113260 0.229019
0 0.925521 0.294259 0.059937 0.067037
0 0.464411 0.203395 0.035490 0.059135
0 0.948297 0.434509 0.078823 0.110500
0 0.968297 0.793028 0.065490 0.195426
