0 0.610969 0.169618 0.026375 0.041357
0 0.654411 0.158951 0.026594 0.042939
0 0.706188 0.173368 0.031479 0.046487
0 0.617854 0.208729 0.033042 0.055580
0 0.304297 0.327056 0.053490 0.076519
0 0.207302 0.365370 0.067042 0.084407
0 0.775964 0.223935 0.038594 0.054389
0 0.712964 0.287741 0.043260 0.068222
0 0.405406 0.274704 0.049042 0.076926
0 0.485187 0.257917 0.037042 0.066241
0 0.434188 0.219991 0.039479 0.060722
0 0.387521 0.203003 0.033708 0.049661
0 0.684411 0.589574 0.081260 0.141704
0 0.360964 0.181667 0.029927 0.043333
0 0.463521 0.176528 0.029708 0.044907
