0 0.725187 0.176729 0.030812 0.046098
0 0.652188 0.264231 0.041708 0.066241
0 0.730635 0.282806 0.052375 0.080463
0 0.271297 0.443593 0.070156 0.108111
0 0.381078 0.354500 0.058156 0.096667
1 0.459297 0.401713 0.059490 0.122352
0 0.825188 0.204182 0.039271 0.051228
0 0.769630 0.235593 0.048156 0.065852
0 0.499745 0.252778 0.037260 0.063889
0 0.852297 0.356685 0.065490 0.086000
0 0.387854 0.230259 0.034813 0.056778
0 0.794740 0.828583 0.130375 0.212019
0 0.468964 0.181664 0.028156 0.046487
0 0.970964 0.897324 0.060156 0.159870
