1 0.684969 0.178701 0.027708 0.057154
0 0.267188 0.572778 0.101042 0.161852
0 0.742188 0.192528 0.035479 0.053204
0 0.710521 0.241917 0.038812 0.065056
0 0.412187 0.526352 0.082146 0.132222
1 0.652745 0.252778 0.038823 0.078889
0 0.829964 0.218213 0.042156 0.057167
0 0.310521 0.330806 0.054375 0.076907
0 0.208854 0.355491 0.062146 0.086796
0 0.825521 0.284389 0.053271 0.067037
0 0.364411 0.246852 0.039927 0.063074
0 0.325521 0.223148 0.042146 0.071000
0 0.403854 0.198454 0.034375 0.053204
0 0.918302 0.300185 0.061042 0.074926
0 0.957745 0.508583 0.086594 0.112463
