0 0.618854 0.185614 0.028813 0.043328
0 0.688297 0.202407 0.036594 0.061111
0 0.636630 0.231046 0.039927 0.063093
0 0.186630 0.384139 0.075490 0.100611
0 0.432188 0.454259 0.071042 0.114444
1 0.276073 0.375250 0.074375 0.122352
0 0.759411 0.227102 0.038823 0.063093
0 0.808297 0.195494 0.032156 0.051235
0 0.745521 0.295250 0.048813 0.076907
0 0.679969 0.322907 0.051042 0.072963
0 0.842187 0.311056 0.057708 0.084815
0 0.670521 0.442407 0.069937 0.110481
0 0.791073 0.396972 0.064375 0.094685
0 0.441630 0.248824 0.036594 0.063093
0 0.788854 0.885120 0.148813 0.233463
