0 0.636406 0.219593 0.032375 0.055963
1 0.708078 0.232037 0.034823 0.068222
0 0.248302 0.425222 0.063708 0.099815
0 0.666969 0.300972 0.043708 0.070981
0 0.801188 0.224722 0.036604 0.057556
1 0.469297 0.357278 0.045260 0.115630
0 0.405411 0.325667 0.049927 0.070593
0 0.772745 0.360824 0.057490 0.078500
0 0.677969 0.429176 0.068375 0.099833
0 0.843854 0.343056 0.053042 0.077704
1 0.450297 0.224139 0.032156 0.076907
0 0.743188 0.684972 0.097937 0.170537
0 0.906297 0.677074 0.129927 0.202148
1 0.983078 0.548676 0.035927 0.134981
