0 0.318297 0.891250 0.140594 0.221204
0 0.623302 0.180083 0.029708 0.047278
0 0.174964 0.508778 0.098823 0.127074
0 0.297078 0.539991 0.094156 0.136574
0 0.459297 0.423833 0.060823 0.104963
0 0.269854 0.386907 0.064604 0.087185
0 0.351969 0.399148 0.061708 0.095889
0 0.638969 0.241519 0.035708 0.062704
0 0.718073 0.269176 0.045042 0.069019
0 0.484635 0.294259 0.040375 0.068630
0 0.685964 0.437472 0.069260 0.125907
0 0.834854 0.325870 0.055479 0.078889
0 0.489521 0.228685 0.034146 0.050444
2 0.432411 0.226509 0.043490 0.109315
0 0.379521 0.224139 0.039042 0.057167
0 0.938854 0.343639 0.068375 0.079685
0 0.370964 0.175345 0.026823 0.039383
