0 0.695635 0.194312 0.034375 0.055191
0 0.111634 0.833130 0.169045 0.285111
0 0.193078 0.478556 0.084823 0.117222
0 0.392078 0.602407 0.093490 0.151593
0 0.758411 0.204581 0.035927 0.052024
0 0.653521 0.274509 0.042146 0.067833
0 0.809297 0.190355 0.034156 0.048069
0 0.336630 0.436083 0.078594 0.110500
0 0.737969 0.254954 0.036375 0.061907
0 0.219078 0.340083 0.066156 0.082056
1 0.489969 0.280435 0.045708 0.098648
0 0.424073 0.265417 0.043708 0.070981
1 0.729297 0.544333 0.091927 0.187148
0 0.340187 0.208725 0.037271 0.053994
1 0.414740 0.188778 0.031708 0.062296
0 0.462297 0.191145 0.030823 0.044117
