0 0.313521 0.884731 0.135479 0.234241
0 0.634854 0.214651 0.034146 0.061106
0 0.731073 0.181868 0.029708 0.042154
0 0.407745 0.507204 0.073260 0.121556
2 0.232964 0.582657 0.136594 0.326204
0 0.113186 0.568231 0.113482 0.159093
0 0.182188 0.383148 0.068375 0.091519
0 0.312297 0.341667 0.057927 0.077296
0 0.312302 0.256333 0.039708 0.053593
0 0.680078 0.437667 0.063260 0.090741
0 0.828078 0.513722 0.092156 0.125111
0 0.898188 0.397565 0.065271 0.093500
0 0.744969 0.741861 0.115708 0.174500
0 0.471411 0.183642 0.027260 0.044124
