0 0.668630 0.187787 0.028823 0.043722
0 0.438854 0.433519 0.063042 0.098259
0 0.629078 0.227296 0.034594 0.056370
0 0.722297 0.251991 0.044156 0.070981
1 0.380073 0.342259 0.059708 0.103000
1 0.256411 0.284778 0.064823 0.119185
0 0.492521 0.282019 0.042813 0.076519
0 0.671740 0.387491 0.063042 0.097056
0 0.386854 0.224722 0.036813 0.055185
0 0.449630 0.228083 0.034823 0.050833
0 0.513297 0.205966 0.029260 0.046106
0 0.871073 0.287343 0.055042 0.072167
0 0.417406 0.192923 0.029042 0.047672
0 0.455630 0.193910 0.029490 0.038587
0 0.739297 0.717963 0.114156 0.193852
0 0.940297 0.753519 0.121490 0.199370
