0 0.698078 0.166256 0.029927 0.041746
0 0.614745 0.197861 0.033927 0.054389
0 0.281187 0.360037 0.061042 0.087185
0 0.165073 0.418306 0.075042 0.096278
0 0.763302 0.209719 0.036375 0.050450
0 0.699854 0.263250 0.040604 0.059537
0 0.389411 0.304333 0.052156 0.087185
0 0.479187 0.284185 0.038812 0.072185
0 0.423411 0.242315 0.041927 0.068222
0 0.373969 0.220972 0.035042 0.047685
0 0.668188 0.503250 0.069708 0.116019
0 0.347521 0.198256 0.033271 0.046487
0 0.457740 0.189766 0.031042 0.048469
0 0.510406 0.181469 0.029708 0.048469
