0 0.164521 0.538213 0.092604 0.130648
0 0.303745 0.919296 0.133260 0.165111
0 0.288854 0.362009 0.061271 0.085611
0 0.426521 0.545917 0.074812 0.130241
1 0.284630 0.523593 0.111927 0.242037
0 0.138522 0.432333 0.076601 0.109296
0 0.635297 0.228870 0.036823 0.058741
0 0.754521 0.214065 0.035708 0.053611
0 0.715411 0.230648 0.036156 0.055185
0 0.389297 0.343843 0.056823 0.090352
0 0.786854 0.185815 0.032813 0.042148
0 0.438078 0.267796 0.037927 0.062296
0 0.490078 0.300389 0.045927 0.072963
0 0.684521 0.389472 0.059271 0.097056
1 0.778297 0.386898 0.070823 0.131426
0 0.863630 0.266407 0.049927 0.065074
1 0.747411 0.651787 0.113927 0.213204
0 0.525854 0.192136 0.030812 0.050839
0 0.475297 0.189176 0.027927 0.041759
0 0.963078 0.526759 0.075927 0.118000
