0 0.674635 0.170016 0.029708 0.046894
0 0.357411 0.743444 0.112594 0.207667
0 0.638302 0.226704 0.035708 0.068630
0 0.738745 0.188188 0.029490 0.046106
0 0.426187 0.447343 0.064375 0.111685
2 0.279411 0.502648 0.112594 0.274444
0 0.174635 0.487046 0.091042 0.134981
0 0.773630 0.176531 0.032156 0.039383
0 0.221630 0.337713 0.060156 0.077315
0 0.335073 0.308481 0.055042 0.074926
0 0.327969 0.235593 0.037708 0.051630
0 0.689854 0.481130 0.074812 0.104963
0 0.864073 0.587991 0.106375 0.145648
0 0.930411 0.436083 0.074156 0.108130
0 0.775297 0.870065 0.135927 0.201759
