0 0.676078 0.173769 0.029927 0.039389
0 0.238854 0.466111 0.079937 0.106556
0 0.240521 0.682407 0.116604 0.179630
1 0.645521 0.260676 0.035479 0.074944
0 0.723854 0.255741 0.043271 0.057148
0 0.764406 0.224139 0.037708 0.053204
1 0.386073 0.340676 0.067708 0.151981
0 0.743854 0.315000 0.049937 0.072963
0 0.816073 0.213269 0.041042 0.051241
0 0.829411 0.308083 0.052156 0.070981
0 0.682187 0.462157 0.068812 0.122352
0 0.501635 0.256731 0.041042 0.074944
0 0.453302 0.251796 0.037708 0.061111
0 0.383854 0.240926 0.041042 0.055185
0 0.464406 0.221167 0.031042 0.043333
0 0.425521 0.195491 0.028813 0.047278
0 0.394411 0.182655 0.028823 0.041357
0 0.906630 0.308083 0.059927 0.070981
0 0.531635 0.187593 0.027708 0.043333
0 0.457187 0.405861 0.063271 0.104574
