0 0.623745 0.184435 0.029260 0.051241
0 0.275073 0.900731 0.139042 0.202241
0 0.168078 0.545120 0.103260 0.130241
0 0.229521 0.353917 0.058604 0.072574
0 0.653964 0.331194 0.046156 0.072167
0 0.748740 0.352926 0.058375 0.078481
0 0.815188 0.295843 0.048146 0.068611
0 0.688078 0.467491 0.065490 0.097463
0 0.451521 0.235991 0.035042 0.052426
0 0.855411 0.573963 0.105927 0.143667
0 0.427521 0.191349 0.029708 0.042154
0 0.940297 0.347389 0.065490 0.077704
0 0.381297 0.186009 0.031490 0.049648
0 0.523188 0.183639 0.025042 0.040167
