0 0.622188 0.199442 0.031042 0.051228
0 0.696078 0.219194 0.038823 0.063093
0 0.638854 0.255741 0.042146 0.069000
0 0.230521 0.340685 0.063271 0.084815
0 0.454406 0.379194 0.057708 0.086796
1 0.312188 0.328833 0.062146 0.108519
0 0.773297 0.242898 0.042156 0.059130
0 0.823302 0.210306 0.037708 0.053204
0 0.763854 0.328824 0.052146 0.080870
0 0.688854 0.364380 0.053271 0.088759
0 0.869411 0.352537 0.065490 0.096667
0 0.684969 0.515500 0.081042 0.126296
0 0.817745 0.463148 0.075490 0.108519
0 0.452740 0.217222 0.034375 0.055185
