0 0.688297 0.198454 0.032156 0.053204
0 0.635521 0.205370 0.026604 0.043333
0 0.407740 0.605370 0.091042 0.151963
0 0.657188 0.240926 0.036604 0.051222
0 0.745521 0.197472 0.031042 0.039389
0 0.713302 0.256722 0.037708 0.055185
0 0.648854 0.285370 0.035479 0.061111
0 0.782187 0.245870 0.037708 0.049259
0 0.812188 0.205370 0.033271 0.043333
0 0.686630 0.415741 0.053260 0.096667
0 0.486073 0.293269 0.041042 0.069019
0 0.850521 0.356481 0.063271 0.069000
0 0.832187 0.485870 0.082146 0.114444
0 0.922187 0.325861 0.059937 0.070981
0 0.465521 0.199447 0.031042 0.047291
0 0.965521 0.507593 0.071042 0.126296
0 0.826635 0.964139 0.124375 0.075426
