1 0.151745 0.543741 0.088823 0.156704
0 0.047819 0.527546 0.093555 0.136167
0 0.681521 0.186608 0.032375 0.054006
0 0.267078 0.619593 0.098594 0.161444
0 0.304078 0.354306 0.052156 0.082833
1 0.203187 0.353917 0.054813 0.103389
0 0.362630 0.379787 0.065260 0.104574
0 0.642406 0.260481 0.039042 0.065074
0 0.494745 0.270556 0.040594 0.067815
1 0.427078 0.242509 0.047927 0.108907
1 0.406635 0.191741 0.028375 0.054000
1 0.460187 0.211892 0.031042 0.060328
0 0.519187 0.190556 0.030375 0.054000
0 0.470187 0.179294 0.026604 0.039376
