0 0.627187 0.197669 0.024604 0.041365
0 0.648411 0.251991 0.038156 0.066241
0 0.734521 0.184040 0.030375 0.042550
0 0.266854 0.923194 0.148375 0.127870
1 0.311188 0.465519 0.102375 0.209667
0 0.748302 0.252778 0.042375 0.063074
0 0.720411 0.298806 0.039927 0.066648
0 0.788073 0.195299 0.027708 0.043735
0 0.237521 0.440241 0.076812 0.101407
0 0.498188 0.300574 0.046604 0.062296
0 0.708073 0.514898 0.077042 0.121167
0 0.897745 0.634602 0.121260 0.178056
0 0.904630 0.427796 0.075490 0.097852
0 0.406406 0.212481 0.029708 0.044111
0 0.759854 0.734556 0.108146 0.185148
0 0.970740 0.389269 0.049042 0.085611
