0 0.253188 0.613472 0.119271 0.217167
0 0.342854 0.799741 0.134604 0.295778
0 0.135189 0.450898 0.079268 0.095870
0 0.640964 0.189368 0.032156 0.057154
0 0.704411 0.204380 0.035490 0.048463
0 0.788854 0.234407 0.036813 0.054000
0 0.661969 0.296630 0.047042 0.071778
0 0.746521 0.297222 0.045937 0.070593
0 0.682745 0.411398 0.068156 0.110093
0 0.833521 0.290509 0.051937 0.069019
0 0.916521 0.286352 0.053937 0.067037
0 0.928302 0.439046 0.090375 0.111685
0 0.911630 0.635593 0.113490 0.168963
1 0.454854 0.198256 0.042604 0.089154
