0 0.211521 0.469667 0.082604 0.097074
0 0.703740 0.205966 0.033708 0.055587
0 0.394297 0.555981 0.089490 0.153556
0 0.336854 0.418111 0.071042 0.103778
0 0.233630 0.311444 0.068156 0.077704
0 0.657521 0.281426 0.050604 0.096667
0 0.467630 0.322306 0.050823 0.089167
0 0.394630 0.294454 0.051927 0.090352
0 0.803188 0.198062 0.037479 0.055580
0 0.847073 0.310454 0.051042 0.072574
0 0.779969 0.366556 0.061708 0.093111
0 0.345302 0.264833 0.047042 0.072963
0 0.481078 0.239935 0.044823 0.076130
0 0.953964 0.471648 0.094156 0.114444
1 0.953073 0.314806 0.057708 0.098648
