0 0.628635 0.181861 0.025708 0.038981
1 0.692078 0.192136 0.027260 0.057950
0 0.117745 0.598657 0.103490 0.151981
0 0.652411 0.244481 0.039490 0.063889
0 0.777297 0.184034 0.030156 0.041746
1 0.418854 0.508185 0.066604 0.167778
0 0.347630 0.440037 0.068156 0.097074
0 0.734302 0.276685 0.042375 0.070593
0 0.657078 0.326259 0.051927 0.074926
0 0.796630 0.269574 0.045260 0.068222
1 0.419740 0.275491 0.041708 0.083241
0 0.697854 0.468093 0.064146 0.102593
0 0.806297 0.454648 0.083260 0.131037
1 0.899187 0.400731 0.068604 0.118796
1 0.518745 0.202803 0.028156 0.062691
1 0.373635 0.189370 0.027708 0.051630
0 0.959745 0.876778 0.082594 0.179630
0 0.946854 0.331787 0.071479 0.077315
