0 0.638521 0.228083 0.033042 0.050056
0 0.719854 0.258111 0.045937 0.068222
0 0.745411 0.204188 0.032156 0.049661
0 0.139077 0.555787 0.097264 0.130241
0 0.650630 0.269963 0.034156 0.058741
0 0.800740 0.202210 0.034375 0.047283
0 0.488854 0.326065 0.044375 0.073759
0 0.681188 0.340481 0.051271 0.074926
0 0.796078 0.270157 0.046823 0.066241
0 0.764630 0.364972 0.054156 0.075722
0 0.684187 0.429963 0.064375 0.098259
0 0.863411 0.350944 0.059260 0.082444
0 0.884521 0.275889 0.048146 0.061889
0 0.787073 0.832333 0.129708 0.199778
0 0.514745 0.208333 0.029927 0.045296
