0 0.618188 0.211296 0.031938 0.051222
0 0.158298 0.763389 0.141486 0.203333
0 0.673297 0.204185 0.034156 0.052815
0 0.730187 0.214648 0.038146 0.054000
1 0.086964 0.436093 0.120594 0.199778
0 0.767630 0.181469 0.033927 0.048469
0 0.630406 0.274907 0.044375 0.074148
0 0.356078 0.257713 0.041490 0.059537
0 0.294854 0.266009 0.043479 0.060315
0 0.831854 0.300389 0.052604 0.070593
0 0.769297 0.422657 0.066594 0.092315
0 0.438078 0.214056 0.035260 0.057556
0 0.498969 0.209321 0.030375 0.052024
0 0.457078 0.179491 0.031490 0.048463
