0 0.649188 0.224537 0.037042 0.063481
0 0.115298 0.421074 0.088820 0.108926
0 0.723411 0.251194 0.044156 0.070981
0 0.825964 0.166657 0.039927 0.048870
0 0.290188 0.323093 0.066146 0.093111
1 0.818854 0.245861 0.053708 0.095870
0 0.674635 0.347593 0.061708 0.108111
0 0.786521 0.187593 0.040604 0.052815
1 0.411187 0.224725 0.056146 0.126291
0 0.848073 0.350750 0.074375 0.097056
0 0.486635 0.258704 0.040375 0.067815
0 0.352745 0.198256 0.041490 0.065450
0 0.786521 0.711648 0.125042 0.191481
0 0.428630 0.486259 0.077260 0.150000
