0 0.689411 0.197469 0.032156 0.047283
0 0.641078 0.222157 0.042156 0.065056
1 0.719964 0.238954 0.046594 0.070981
0 0.771630 0.218213 0.036594 0.041352
0 0.796073 0.194509 0.034375 0.045315
0 0.662745 0.326852 0.045490 0.069000
1 0.279964 0.372278 0.062156 0.120370
0 0.704964 0.487833 0.076594 0.138148
0 0.837745 0.309074 0.053260 0.065074
0 0.502188 0.261667 0.037708 0.065074
1 0.461635 0.194509 0.034375 0.080870
0 0.913854 0.580685 0.109938 0.150000
0 0.836630 0.842407 0.126594 0.207296
0 0.962188 0.357463 0.066604 0.078889
0 0.426078 0.183642 0.025490 0.039383
