0 0.046042 0.746611 0.090000 0.197407
0 0.335521 0.452287 0.086604 0.157907
0 0.420521 0.535250 0.078812 0.189500
0 0.224411 0.348583 0.062156 0.080870
0 0.647187 0.210306 0.032146 0.065056
0 0.754964 0.183639 0.029927 0.035426
0 0.718302 0.223148 0.041042 0.047296
0 0.812188 0.186602 0.033271 0.041352
0 0.808854 0.264630 0.039938 0.055185
0 0.673854 0.342657 0.052146 0.088759
0 0.770521 0.348583 0.063271 0.080870
0 0.702745 0.499685 0.083260 0.138148
0 0.867188 0.334750 0.061042 0.080870
0 0.966078 0.335741 0.069927 0.082852
0 0.974964 0.540185 0.052156 0.120370
0 0.969964 0.863148 0.062156 0.205296
1 0.471073 0.167836 0.037708 0.078883
