0 0.038264 0.557963 0.074445 0.140111
0 0.084375 0.878213 0.166667 0.247278
0 0.714406 0.229074 0.037708 0.059148
0 0.653302 0.226111 0.037708 0.061111
0 0.746630 0.280435 0.048823 0.070981
0 0.457187 0.453278 0.072146 0.120370
1 0.799964 0.244880 0.042156 0.074944
0 0.688854 0.385130 0.059937 0.090741
0 0.841635 0.226111 0.041042 0.061111
0 0.434969 0.275491 0.047708 0.069019
0 0.359969 0.278454 0.044375 0.063093
0 0.390521 0.236972 0.036604 0.059130
0 0.350521 0.207343 0.034375 0.047278
0 0.754411 0.608333 0.093260 0.150000
0 0.924964 0.439444 0.089927 0.104556
0 0.961630 0.834509 0.078823 0.207278
0 0.806078 0.951296 0.136594 0.101111
