0 0.685745 0.177127 0.027927 0.044524
0 0.100411 0.478167 0.095490 0.125111
0 0.634188 0.179102 0.027479 0.047685
0 0.222188 0.667398 0.120813 0.227833
0 0.738521 0.180880 0.033042 0.046500
0 0.725854 0.254750 0.041479 0.063093
0 0.660630 0.256333 0.044823 0.069407
0 0.766964 0.315981 0.055260 0.078889
0 0.481745 0.368731 0.058594 0.095093
1 0.821302 0.273324 0.047042 0.080463
0 0.703854 0.452481 0.069937 0.108519
0 0.868521 0.252185 0.048604 0.061889
0 0.449187 0.245667 0.041042 0.063889
0 0.382635 0.242500 0.037708 0.055185
0 0.410964 0.211500 0.033490 0.051630
0 0.369854 0.190361 0.031708 0.046500
0 0.791521 0.743843 0.117271 0.184759
0 0.966188 0.524380 0.069708 0.123537
