0 0.673969 0.177123 0.029708 0.050050
0 0.627969 0.203194 0.032375 0.055574
0 0.311411 0.851694 0.132594 0.232167
1 0.108188 0.617426 0.129708 0.206889
0 0.731969 0.199244 0.032375 0.049254
0 0.774740 0.175349 0.030375 0.045709
0 0.711630 0.238954 0.037927 0.056759
0 0.660521 0.256731 0.037042 0.055981
0 0.790745 0.255944 0.044594 0.071778
0 0.645635 0.330009 0.047708 0.076130
0 0.736630 0.295444 0.044823 0.070185
0 0.398635 0.359250 0.051042 0.086389
0 0.703188 0.522602 0.073938 0.142093
0 0.883964 0.596685 0.108823 0.141704
1 0.941630 0.461759 0.081927 0.131037
0 0.967187 0.347194 0.067708 0.074944
