0 0.621745 0.187398 0.026156 0.045315
0 0.071521 0.689907 0.109708 0.167778
0 0.202073 0.401519 0.073042 0.089556
0 0.356078 0.859000 0.126823 0.223074
1 0.319740 0.498704 0.071042 0.153556
0 0.776630 0.189370 0.030156 0.039778
0 0.747521 0.220778 0.036375 0.054407
0 0.651073 0.266009 0.033708 0.059537
0 0.449969 0.476583 0.063042 0.110093
0 0.723078 0.283000 0.043927 0.063481
0 0.804406 0.223148 0.033708 0.046481
0 0.475521 0.309269 0.048813 0.085204
0 0.797740 0.445565 0.069708 0.101019
0 0.367297 0.232241 0.033260 0.050444
0 0.697078 0.515889 0.071490 0.119963
0 0.487635 0.209516 0.027708 0.052413
0 0.904521 0.326657 0.055708 0.077315
0 0.929745 0.478361 0.086594 0.103389
0 0.971521 0.920880 0.059042 0.161944
