0 0.642188 0.185423 0.028375 0.049265
0 0.685854 0.198454 0.028146 0.046093
0 0.632521 0.210901 0.029479 0.053606
0 0.734854 0.186803 0.025708 0.037802
0 0.654969 0.278454 0.035708 0.066241
0 0.426078 0.479935 0.074823 0.123130
0 0.780964 0.251593 0.043260 0.059148
0 0.749188 0.315194 0.048146 0.070204
0 0.835964 0.235194 0.044823 0.054796
0 0.404073 0.282398 0.049042 0.075759
0 0.846854 0.319148 0.056813 0.066259
0 0.707630 0.490407 0.067260 0.114852
1 0.859854 0.533861 0.078812 0.163833
0 0.911297 0.309861 0.057260 0.071389
1 0.363187 0.196880 0.041042 0.061907
0 0.940854 0.475000 0.085271 0.132222
0 0.469073 0.191148 0.031042 0.040963
