0 0.703964 0.210308 0.032823 0.052420
0 0.647297 0.206358 0.038156 0.057950
0 0.726745 0.256537 0.044594 0.065852
0 0.417297 0.600824 0.094156 0.170537
1 0.779078 0.223148 0.038156 0.065444
0 0.676630 0.337713 0.050156 0.082056
0 0.816740 0.207343 0.037042 0.052019
0 0.411745 0.322704 0.054594 0.082852
0 0.323964 0.327444 0.053260 0.081259
0 0.363854 0.272537 0.042375 0.062296
0 0.329964 0.233417 0.038156 0.056759
0 0.725187 0.507593 0.074812 0.122333
0 0.876406 0.378204 0.072375 0.089556
0 0.914078 0.649815 0.116156 0.158704
0 0.756635 0.769130 0.109708 0.180815
0 0.414078 0.190358 0.032594 0.052024
