0 0.721854 0.176528 0.027271 0.040167
0 0.076301 0.696231 0.115711 0.171722
0 0.694745 0.202605 0.030823 0.051235
0 0.293073 0.371500 0.059042 0.089556
0 0.648302 0.250213 0.037042 0.055574
0 0.718078 0.268583 0.045490 0.061500
0 0.778411 0.246852 0.042594 0.056778
0 0.395630 0.359046 0.057927 0.099426
0 0.481521 0.356083 0.052813 0.087981
0 0.397745 0.247648 0.035490 0.052815
0 0.801521 0.204382 0.035042 0.045309
0 0.435630 0.283398 0.040594 0.060315
1 0.708078 0.502657 0.068594 0.135389
0 0.848073 0.512731 0.091708 0.119981
0 0.879188 0.382157 0.068146 0.086389
1 0.470187 0.185815 0.035937 0.080074
0 0.946745 0.779204 0.108594 0.182000
0 0.980187 0.393815 0.041708 0.089148
0 0.519521 0.208731 0.032813 0.054796
