1 0.704271 0.195497 0.032438 0.061117
1 0.646635 0.233519 0.041042 0.076926
0 0.761078 0.189812 0.040490 0.049746
0 0.737328 0.240926 0.042427 0.066037
0 0.255521 0.612037 0.107146 0.170259
0 0.425380 0.524870 0.081323 0.144074
0 0.323156 0.314759 0.055208 0.077407
1 0.682604 0.340926 0.054646 0.111963
0 0.813578 0.183892 0.036594 0.045809
0 0.394411 0.364139 0.063260 0.106056
0 0.822604 0.273019 0.051312 0.070000
0 0.803714 0.383639 0.069656 0.094685
0 0.508995 0.219692 0.037990 0.070987
0 0.452469 0.214016 0.039375 0.068524
0 0.784823 0.766852 0.126875 0.193444
0 0.949552 0.319444 0.065208 0.076926
0 0.963578 0.475741 0.074927 0.109000
0 0.958161 0.795491 0.085760 0.208278
0 0.373578 0.182405 0.028823 0.043820
