0 0.375411 0.667398 0.105927 0.185167
1 0.248969 0.575741 0.130375 0.281556
1 0.302854 0.325667 0.050604 0.087963
1 0.345740 0.419491 0.065708 0.131833
0 0.471635 0.361417 0.054375 0.093907
0 0.384521 0.329815 0.048146 0.074926
0 0.376078 0.239935 0.041927 0.065056
0 0.312630 0.237574 0.038594 0.068222
1 0.678187 0.396778 0.067479 0.132222
0 0.508073 0.235398 0.037042 0.061500
0 0.448297 0.237769 0.036156 0.060722
0 0.403635 0.195296 0.031708 0.046889
0 0.885854 0.590944 0.108146 0.145259
0 0.938297 0.471046 0.094823 0.114833
