0 0.040819 0.717565 0.079555 0.190685
0 0.697745 0.163494 0.028823 0.041754
0 0.613073 0.199442 0.032375 0.053598
0 0.722521 0.193713 0.033479 0.046093
0 0.658073 0.195099 0.030375 0.047283
1 0.625630 0.260093 0.042823 0.072963
0 0.769073 0.185818 0.032375 0.046106
1 0.279521 0.248833 0.055938 0.109704
0 0.659854 0.404481 0.058375 0.092333
0 0.422745 0.252981 0.040156 0.061111
0 0.768078 0.413167 0.066823 0.102593
0 0.850964 0.388880 0.071260 0.093500
1 0.325188 0.209716 0.044604 0.091531
0 0.904078 0.319741 0.064156 0.072185
0 0.710745 0.676481 0.108594 0.183593
