0 0.640630 0.203790 0.033260 0.046494
0 0.697854 0.205568 0.034813 0.052420
0 0.649740 0.255935 0.041708 0.065463
0 0.765188 0.200827 0.036604 0.047680
0 0.821078 0.194706 0.031927 0.044920
0 0.790964 0.262454 0.050823 0.064278
0 0.760411 0.332778 0.054156 0.077704
1 0.348630 0.390648 0.083927 0.180815
0 0.684187 0.407843 0.071938 0.124315
1 0.838406 0.479935 0.093708 0.167389
0 0.925521 0.419500 0.075479 0.097852
0 0.941854 0.343056 0.068604 0.094296
0 0.775630 0.786704 0.121490 0.197000
1 0.411187 0.192725 0.029937 0.062291
