0 0.610521 0.163889 0.029937 0.043333
0 0.651078 0.154012 0.026594 0.039383
0 0.699411 0.167836 0.029927 0.043328
0 0.614969 0.201423 0.034375 0.055191
0 0.287187 0.352537 0.058813 0.084815
0 0.176630 0.402907 0.073260 0.090741
0 0.766635 0.213269 0.037708 0.051241
0 0.702740 0.269574 0.041042 0.061111
0 0.392745 0.295241 0.049927 0.084815
0 0.480521 0.277463 0.038812 0.072963
0 0.426073 0.235991 0.041042 0.065056
0 0.376630 0.214259 0.033260 0.045296
0 0.672187 0.521417 0.073271 0.122352
0 0.351078 0.193519 0.033260 0.043333
0 0.458854 0.186605 0.028813 0.045309
0 0.509964 0.178704 0.028823 0.049259
