0 0.637740 0.171194 0.028375 0.043722
0 0.695297 0.192926 0.033260 0.049259
0 0.633964 0.211296 0.030156 0.049667
0 0.751854 0.193910 0.033937 0.050439
0 0.650964 0.268574 0.040594 0.067037
0 0.730854 0.258111 0.043042 0.066630
0 0.331740 0.473620 0.077708 0.118389
0 0.095074 0.471639 0.083039 0.124722
0 0.333521 0.310454 0.054146 0.074944
0 0.461297 0.415148 0.066156 0.106556
0 0.810078 0.198262 0.036156 0.049661
0 0.682078 0.358056 0.051260 0.077704
0 0.253078 0.303935 0.052823 0.073759
0 0.421521 0.287741 0.047938 0.071370
1 0.812188 0.425222 0.068375 0.122741
1 0.740411 0.628083 0.110156 0.196611
0 0.921406 0.411000 0.085042 0.102185
0 0.925411 0.644481 0.117490 0.163037
0 0.470521 0.190160 0.030812 0.052420
0 0.974964 0.360037 0.052156 0.079296
