0 0.131078 0.877815 0.162156 0.248074
0 0.409854 0.615444 0.091708 0.161074
0 0.151411 0.553815 0.100156 0.143667
0 0.266521 0.573759 0.095271 0.146444
0 0.631969 0.202799 0.031042 0.051624
0 0.698964 0.224537 0.037490 0.061111
0 0.462297 0.380389 0.052594 0.088370
0 0.662078 0.334352 0.053490 0.099037
0 0.790297 0.260481 0.041490 0.061111
0 0.476964 0.283787 0.039260 0.066648
2 0.400964 0.287944 0.055260 0.142889
0 0.335854 0.286556 0.049042 0.071370
0 0.856187 0.262648 0.048813 0.059926
0 0.336969 0.218407 0.034375 0.049667
0 0.409073 0.205173 0.033708 0.041357
0 0.384964 0.175540 0.027260 0.037402
