0 0.653521 0.246056 0.042146 0.071778
0 0.162411 0.368731 0.078594 0.095870
0 0.736521 0.276481 0.052604 0.077296
0 0.841411 0.182460 0.043260 0.052820
0 0.313854 0.290509 0.060146 0.076907
1 0.839187 0.266602 0.062375 0.099426
0 0.685745 0.394009 0.068823 0.117204
0 0.804964 0.206951 0.045927 0.056765
1 0.421635 0.203398 0.050375 0.124722
0 0.884964 0.395593 0.089927 0.106926
0 0.493964 0.237167 0.038594 0.065852
0 0.364854 0.184040 0.038604 0.056772
0 0.828969 0.860972 0.155708 0.204130
0 0.447302 0.421074 0.069708 0.131815
