0 0.298740 0.903491 0.147708 0.196722
1 0.132298 0.785315 0.196153 0.379926
1 0.261297 0.385130 0.058156 0.104963
1 0.287078 0.523000 0.083490 0.168185
0 0.449964 0.443000 0.068823 0.112481
0 0.348630 0.399537 0.059927 0.091926
0 0.353302 0.269963 0.045708 0.073741
0 0.281297 0.271352 0.046594 0.078889
1 0.662635 0.328630 0.052375 0.108111
0 0.500406 0.270954 0.041708 0.068611
0 0.432302 0.274315 0.039708 0.065852
0 0.387078 0.214852 0.034156 0.053593
0 0.802854 0.435694 0.071938 0.101796
0 0.870964 0.377222 0.073927 0.091519
0 0.516964 0.192923 0.032594 0.059524
1 0.813302 0.707694 0.119042 0.251537
0 0.475297 0.172188 0.026594 0.042550
