0 0.634745 0.207345 0.028594 0.048865
1 0.704078 0.222157 0.032156 0.066648
0 0.222521 0.459194 0.072146 0.107722
0 0.662969 0.282991 0.041042 0.075352
0 0.793854 0.213472 0.036146 0.052426
1 0.459745 0.385917 0.050156 0.123130
0 0.393745 0.349769 0.055927 0.080870
0 0.763521 0.337120 0.055479 0.088759
0 0.671297 0.398954 0.061260 0.096278
0 0.829745 0.320333 0.051490 0.071778
1 0.443630 0.234602 0.033490 0.077315
0 0.727521 0.615444 0.087479 0.141296
0 0.873188 0.604185 0.114375 0.176481
1 0.966078 0.511148 0.069927 0.145259
1 0.524854 0.178701 0.020813 0.054783
1 0.392188 0.168034 0.024375 0.052413
