0 0.184073 0.544731 0.095708 0.127093
0 0.145410 0.869861 0.156597 0.231389
1 0.641411 0.245074 0.033490 0.069000
0 0.711521 0.242111 0.040813 0.055185
0 0.753630 0.211500 0.036594 0.049259
1 0.356411 0.396972 0.082156 0.179241
0 0.729187 0.289315 0.045042 0.065852
0 0.801078 0.202012 0.036823 0.047680
0 0.808854 0.284583 0.049271 0.060315
0 0.670630 0.406648 0.058156 0.103778
0 0.492188 0.284972 0.043937 0.079278
0 0.439406 0.281620 0.039708 0.067833
0 0.366187 0.268583 0.043042 0.060722
0 0.453854 0.245074 0.036146 0.052407
0 0.416297 0.209713 0.029927 0.047278
0 0.386297 0.197472 0.032594 0.046500
0 0.878187 0.281417 0.051042 0.067426
0 0.528411 0.206157 0.028823 0.052019
0 0.433302 0.481130 0.073708 0.128667
