0 0.083301 0.510167 0.103045 0.122741
1 0.116187 0.847546 0.139042 0.279981
0 0.642411 0.204182 0.031490 0.048857
0 0.359630 0.783343 0.120594 0.210056
0 0.694964 0.212685 0.033490 0.049259
0 0.438188 0.388685 0.063938 0.121556
0 0.748073 0.322898 0.050375 0.076907
0 0.328740 0.253769 0.039708 0.057944
0 0.668302 0.354704 0.049042 0.082852
0 0.461073 0.241907 0.036375 0.068222
0 0.839969 0.244481 0.043042 0.059926
0 0.844630 0.341074 0.055927 0.075333
0 0.862964 0.569222 0.097927 0.131815
0 0.922078 0.307491 0.061490 0.087981
0 0.773406 0.711056 0.121042 0.171333
0 0.968964 0.887056 0.064156 0.196222
0 0.535854 0.177127 0.025937 0.037413
