0 0.682297 0.184831 0.032594 0.052820
0 0.406297 0.578704 0.085927 0.145259
0 0.643297 0.249815 0.041260 0.077704
0 0.750078 0.206358 0.033490 0.050839
0 0.446411 0.380185 0.055927 0.094296
2 0.331302 0.410611 0.083042 0.212815
0 0.243411 0.400139 0.073490 0.105759
0 0.793740 0.198852 0.033708 0.044519
0 0.269302 0.289324 0.048375 0.066648
0 0.364521 0.268380 0.045937 0.059537
0 0.348411 0.212093 0.031927 0.043333
0 0.709630 0.579102 0.084594 0.139722
0 0.935521 0.759056 0.131042 0.184370
0 0.976187 0.531102 0.049708 0.126685
