0 0.034153 0.532870 0.066222 0.142889
0 0.342630 0.702352 0.115927 0.211630
0 0.254406 0.563491 0.104375 0.178056
0 0.776406 0.211296 0.037708 0.055185
0 0.710964 0.214852 0.037927 0.055185
0 0.242745 0.435694 0.075260 0.119981
0 0.420969 0.432528 0.074375 0.146056
0 0.832411 0.292287 0.058594 0.073352
1 0.825411 0.184234 0.036156 0.059531
0 0.369745 0.239148 0.044823 0.072185
0 0.693969 0.444981 0.065708 0.118000
1 0.903073 0.617222 0.129708 0.245222
0 0.952302 0.319546 0.063708 0.080463
0 0.974630 0.493769 0.052823 0.131833
