0 0.672745 0.168827 0.029927 0.045309
0 0.632188 0.207345 0.033271 0.051235
0 0.692187 0.209318 0.037708 0.055180
0 0.246630 0.873269 0.155490 0.257167
0 0.032153 0.549074 0.062222 0.142111
0 0.756078 0.208331 0.038823 0.057154
0 0.643854 0.277472 0.049937 0.080870
1 0.280521 0.358454 0.058813 0.104574
0 0.804411 0.194506 0.035490 0.053209
0 0.754411 0.291296 0.053260 0.080852
0 0.458297 0.329815 0.052156 0.086778
0 0.834969 0.456231 0.087708 0.142093
0 0.718854 0.557963 0.091042 0.140111
0 0.935521 0.440435 0.084375 0.106537
