1 0.047931 0.711250 0.093778 0.242833
0 0.154743 0.799935 0.145930 0.217167
0 0.379521 0.659500 0.116812 0.231778
1 0.075411 0.457620 0.101490 0.178833
0 0.638854 0.254361 0.041271 0.066241
0 0.470521 0.385907 0.052146 0.100222
0 0.357635 0.391250 0.067708 0.099833
0 0.802188 0.273324 0.049271 0.063870
0 0.783188 0.399741 0.072146 0.096259
2 0.875302 0.235000 0.059042 0.104963
0 0.456521 0.211294 0.039271 0.053598
0 0.717745 0.547889 0.083490 0.144481
0 0.939302 0.458009 0.091042 0.099833
0 0.832964 0.893167 0.170823 0.185556
0 0.521406 0.172386 0.027708 0.046894
