0 0.673521 0.173368 0.028813 0.041746
0 0.628635 0.176336 0.028375 0.046106
0 0.730854 0.182259 0.026146 0.042148
0 0.631740 0.223148 0.032375 0.050444
0 0.746521 0.209907 0.035708 0.049259
1 0.401302 0.509963 0.085708 0.174481
0 0.404630 0.327250 0.050156 0.079278
0 0.710187 0.265815 0.044375 0.081259
1 0.319740 0.328824 0.048375 0.097463
0 0.818521 0.311444 0.053479 0.071370
0 0.387964 0.250806 0.035927 0.053611
0 0.804078 0.440037 0.073927 0.102593
0 0.422297 0.194111 0.029490 0.042148
0 0.757635 0.692083 0.103708 0.162648
0 0.946630 0.833917 0.108823 0.225056
