1 0.075484 0.909815 0.148885 0.184074
1 0.208854 0.473028 0.075479 0.128278
0 0.114411 0.453269 0.082156 0.116426
0 0.687745 0.203395 0.035490 0.059135
0 0.318854 0.519444 0.082146 0.126296
0 0.327187 0.321907 0.047708 0.067037
0 0.758297 0.166855 0.029927 0.041365
1 0.239969 0.317963 0.051042 0.086778
0 0.384964 0.335741 0.056594 0.090741
0 0.645521 0.290315 0.039938 0.067037
0 0.502188 0.247843 0.037708 0.057167
1 0.439411 0.226111 0.045490 0.096667
1 0.416078 0.181664 0.025490 0.051228
1 0.466078 0.196479 0.029927 0.057154
0 0.521635 0.178704 0.027708 0.049259
0 0.476630 0.171790 0.026594 0.039383
