0 0.719964 0.171201 0.026156 0.035043
0 0.627078 0.206157 0.029260 0.049648
0 0.733635 0.195892 0.031708 0.049661
1 0.320964 0.733370 0.133927 0.283926
0 0.372521 0.392231 0.059708 0.093907
0 0.695302 0.236583 0.036375 0.070981
1 0.263406 0.403500 0.062375 0.120370
0 0.787078 0.275102 0.043490 0.060315
0 0.362411 0.289722 0.043490 0.061111
0 0.763630 0.359843 0.057927 0.082056
0 0.407521 0.216824 0.032813 0.048870
0 0.712745 0.518065 0.075260 0.112463
0 0.866745 0.594898 0.109490 0.143685
0 0.938740 0.468685 0.087708 0.103778
0 0.477406 0.198065 0.030375 0.050056
0 0.525302 0.192534 0.028375 0.046894
