0 0.086599 0.921667 0.171115 0.160370
0 0.616073 0.171794 0.027708 0.043339
0 0.391078 0.552037 0.086594 0.144074
0 0.732187 0.195497 0.033271 0.043339
0 0.359406 0.385120 0.067708 0.098648
0 0.777745 0.176725 0.035490 0.049254
0 0.725521 0.307102 0.048813 0.069019
0 0.228854 0.328824 0.064375 0.092722
0 0.502745 0.223148 0.032156 0.051222
0 0.684411 0.445370 0.073260 0.108519
0 0.848854 0.491787 0.095479 0.146056
1 0.462187 0.188581 0.031042 0.053209
1 0.369411 0.168827 0.036594 0.069013
0 0.521078 0.171787 0.026594 0.047278
