0 0.624078 0.180484 0.024156 0.040180
0 0.640964 0.222741 0.033927 0.047259
1 0.215406 0.643491 0.153042 0.307241
0 0.736302 0.227500 0.035708 0.052815
0 0.707187 0.261472 0.038812 0.063870
0 0.770854 0.179491 0.027042 0.036611
0 0.110411 0.598454 0.112823 0.143685
0 0.478630 0.361426 0.051490 0.074148
0 0.683078 0.416333 0.060823 0.089148
0 0.832073 0.493769 0.091708 0.130241
0 0.850078 0.354306 0.057927 0.073352
0 0.382745 0.244676 0.030823 0.050056
0 0.717411 0.556981 0.077490 0.131037
0 0.926630 0.333574 0.060823 0.077704
0 0.526630 0.189960 0.027927 0.039376
0 0.815630 0.886259 0.145927 0.204926
