0 0.374521 0.747787 0.117479 0.207685
0 0.078188 0.660083 0.113708 0.170537
0 0.208411 0.692685 0.121260 0.191481
0 0.629302 0.191546 0.029708 0.051241
0 0.692521 0.215046 0.033937 0.060315
0 0.449411 0.431944 0.057927 0.103778
0 0.654745 0.305713 0.051260 0.089167
0 0.776854 0.246065 0.039479 0.060722
0 0.469854 0.314019 0.044604 0.071778
2 0.383187 0.324093 0.062812 0.158296
0 0.312188 0.319944 0.054146 0.083630
0 0.831964 0.241519 0.042156 0.059519
0 0.320078 0.241713 0.037490 0.052019
0 0.396740 0.225917 0.037042 0.049648
0 0.374406 0.191343 0.028375 0.043722
0 0.761521 0.829963 0.124812 0.206889
