0 0.089964 0.883148 0.150594 0.237407
0 0.324745 0.286157 0.047260 0.067426
0 0.384964 0.311833 0.047260 0.072963
0 0.609073 0.169812 0.028375 0.041746
0 0.718740 0.198062 0.035708 0.046098
1 0.779521 0.183639 0.035042 0.056759
0 0.615964 0.223148 0.035490 0.052815
0 0.690521 0.237370 0.037042 0.059148
0 0.767630 0.247639 0.046823 0.066241
0 0.649964 0.340287 0.051927 0.080870
0 0.815745 0.315204 0.057260 0.069407
0 0.740073 0.366167 0.059708 0.078889
1 0.699969 0.585222 0.096375 0.160667
0 0.918740 0.333769 0.063708 0.079685
