0 0.639630 0.215833 0.033927 0.056370
1 0.705740 0.218602 0.032375 0.065056
1 0.037042 0.541370 0.072000 0.200963
0 0.746521 0.201021 0.036604 0.048069
0 0.350302 0.395991 0.059708 0.098241
0 0.817411 0.209324 0.034823 0.051241
0 0.665521 0.334157 0.049271 0.075722
1 0.774188 0.369917 0.058604 0.106944
0 0.375406 0.247250 0.034375 0.051241
0 0.734745 0.545519 0.082823 0.128667
0 0.891078 0.347204 0.064823 0.086000
1 0.513635 0.205565 0.026375 0.065056
0 0.467964 0.197269 0.029260 0.041352
0 0.967854 0.846954 0.066375 0.183981
