0 0.112077 0.842407 0.161930 0.278407
0 0.381188 0.650407 0.094812 0.184370
0 0.273187 0.534852 0.101042 0.160259
0 0.197964 0.470259 0.083490 0.115630
0 0.619078 0.245472 0.035490 0.057944
0 0.168964 0.401315 0.076594 0.095481
0 0.393635 0.346213 0.055708 0.083241
0 0.487411 0.300185 0.045927 0.075741
0 0.425078 0.256333 0.040823 0.062296
0 0.661740 0.386111 0.060375 0.095889
0 0.357521 0.253370 0.044813 0.070593
0 0.494297 0.216426 0.032594 0.052815
0 0.913635 0.450111 0.086375 0.099037
0 0.464964 0.177519 0.028156 0.042148
0 0.984078 0.407241 0.033927 0.086000
