0 0.682969 0.187590 0.026375 0.044117
0 0.633078 0.193318 0.026594 0.044513
0 0.364630 0.741463 0.113260 0.199778
0 0.652745 0.228481 0.035260 0.057148
0 0.737411 0.188386 0.030823 0.040969
0 0.706521 0.245472 0.035271 0.055574
0 0.643521 0.269769 0.038604 0.063093
0 0.768078 0.235796 0.036594 0.055185
0 0.799854 0.194905 0.032146 0.044524
0 0.676297 0.372278 0.052156 0.084815
0 0.477302 0.326648 0.049708 0.078889
0 0.829969 0.325269 0.055042 0.069019
0 0.806297 0.439648 0.072594 0.107333
0 0.898854 0.303741 0.059937 0.072556
0 0.452969 0.216630 0.034375 0.052407
0 0.936745 0.449713 0.083260 0.095870
0 0.788745 0.837074 0.118823 0.195037
