0 0.628969 0.181868 0.027708 0.046894
0 0.683411 0.195694 0.025927 0.040574
0 0.384854 0.658704 0.099937 0.163815
0 0.653297 0.283000 0.040823 0.063481
0 0.753078 0.327444 0.058156 0.083630
0 0.780406 0.254361 0.041708 0.059130
0 0.296411 0.355889 0.057260 0.076519
0 0.668740 0.352333 0.047708 0.078889
0 0.843078 0.246065 0.043490 0.055981
0 0.510745 0.246657 0.036156 0.055574
0 0.712964 0.473620 0.074823 0.103389
0 0.854188 0.351741 0.062146 0.075333
0 0.832630 0.504630 0.078594 0.111667
0 0.736630 0.655944 0.106156 0.163037
0 0.961297 0.477574 0.079490 0.112074
0 0.965854 0.355102 0.070375 0.070981
