0 0.623411 0.182849 0.029490 0.051228
0 0.268745 0.912972 0.137490 0.177759
0 0.159635 0.556972 0.107708 0.134204
0 0.225411 0.359046 0.060156 0.073352
0 0.653187 0.327444 0.045937 0.071778
0 0.746740 0.349176 0.057042 0.077315
0 0.812521 0.291694 0.047271 0.067426
0 0.686297 0.460778 0.065490 0.095889
0 0.450630 0.237963 0.035927 0.054000
0 0.850078 0.561722 0.102823 0.140519
0 0.426854 0.192729 0.030146 0.042543
0 0.935740 0.341861 0.064375 0.076130
0 0.380302 0.187197 0.031708 0.048865
0 0.522854 0.184627 0.024813 0.040561
