0 0.632188 0.180679 0.026604 0.045309
0 0.705521 0.173762 0.031042 0.043328
0 0.692187 0.205373 0.028813 0.047291
0 0.642188 0.231046 0.039938 0.063093
1 0.726078 0.252778 0.038823 0.078889
0 0.778854 0.227102 0.037708 0.047278
0 0.803302 0.205373 0.037708 0.047291
0 0.668854 0.345620 0.046604 0.074944
1 0.298302 0.344630 0.047708 0.096667
0 0.710521 0.518454 0.081042 0.136167
0 0.851630 0.323889 0.056594 0.071000
0 0.506635 0.245861 0.037708 0.057167
1 0.464411 0.187593 0.033260 0.078889
0 0.941078 0.643889 0.119927 0.157889
0 0.859964 0.918704 0.142156 0.166296
0 0.971630 0.381167 0.045490 0.078889
