0 0.690521 0.186405 0.030375 0.041746
0 0.634073 0.218407 0.033042 0.049667
0 0.740073 0.188775 0.027708 0.039376
1 0.275188 0.556583 0.089042 0.184759
0 0.654302 0.276870 0.037042 0.064667
0 0.717187 0.263648 0.045042 0.065852
1 0.784073 0.250407 0.042375 0.070185
1 0.485854 0.313222 0.040604 0.093889
1 0.286854 0.283398 0.042146 0.081648
0 0.772854 0.384731 0.060813 0.099426
0 0.846740 0.255148 0.045042 0.056778
0 0.818411 0.208333 0.042594 0.056370
1 0.743411 0.615833 0.127260 0.278000
0 0.867073 0.565861 0.095042 0.147241
0 0.908521 0.394009 0.077479 0.095093
0 0.450297 0.226306 0.035260 0.053611
0 0.514521 0.227889 0.036604 0.055185
0 0.400302 0.215444 0.033042 0.048481
