0 0.220854 0.459389 0.080812 0.095481
0 0.706406 0.213469 0.036375 0.057950
0 0.402521 0.530306 0.084604 0.143278
0 0.343745 0.404685 0.068823 0.099037
0 0.238969 0.303944 0.066375 0.070593
0 0.659521 0.291296 0.054604 0.100630
0 0.471411 0.314796 0.049490 0.083630
0 0.398187 0.287741 0.048375 0.087963
0 0.808073 0.205565 0.038375 0.057944
0 0.850854 0.318750 0.053271 0.078093
0 0.785521 0.379593 0.061271 0.095481
0 0.348411 0.260083 0.045260 0.065056
0 0.483302 0.235991 0.043042 0.079278
0 0.957964 0.483102 0.086156 0.110500
1 0.967521 0.327444 0.067042 0.098630
