0 0.639406 0.175938 0.027708 0.045309
0 0.682964 0.179692 0.030823 0.044913
0 0.397964 0.494157 0.087490 0.165796
0 0.729406 0.270352 0.045042 0.065852
0 0.296521 0.280426 0.046812 0.069407
0 0.657078 0.292481 0.043490 0.070593
0 0.436302 0.281222 0.043708 0.082037
0 0.811078 0.206753 0.035927 0.052420
0 0.808188 0.283787 0.047938 0.065056
0 0.809188 0.447935 0.075708 0.108907
0 0.876188 0.253565 0.051479 0.073352
0 0.725854 0.518065 0.085042 0.128278
0 0.916411 0.645667 0.119927 0.161444
0 0.529630 0.200234 0.031260 0.053606
