0 0.176964 0.521019 0.101490 0.131037
0 0.695635 0.185222 0.031708 0.050444
0 0.356411 0.679843 0.111490 0.198981
0 0.301073 0.477370 0.088375 0.126704
0 0.202635 0.337519 0.075042 0.096667
0 0.650521 0.246463 0.046375 0.081259
0 0.453073 0.358259 0.053708 0.095481
0 0.376630 0.320722 0.054156 0.093111
0 0.783964 0.176331 0.035490 0.040561
0 0.829297 0.282213 0.049260 0.071389
0 0.761630 0.319546 0.049927 0.079685
0 0.329411 0.284185 0.048594 0.072963
0 0.474854 0.263444 0.045708 0.078111
0 0.921854 0.420870 0.084604 0.113259
1 0.921521 0.277472 0.056813 0.091130
0 0.411521 0.179491 0.035937 0.053204
0 0.819854 0.943546 0.141937 0.090352
