0 0.674521 0.173368 0.031708 0.055969
0 0.365078 0.689907 0.107490 0.186741
0 0.737630 0.189373 0.033490 0.048476
0 0.181521 0.509176 0.088813 0.119981
0 0.665411 0.322500 0.051260 0.077704
0 0.403187 0.310065 0.047708 0.075722
0 0.750635 0.336528 0.053708 0.080463
1 0.477854 0.307889 0.046812 0.096667
0 0.845187 0.242111 0.045042 0.060704
0 0.709411 0.500685 0.079260 0.115630
0 0.831411 0.508380 0.092156 0.122352
0 0.452635 0.231250 0.037708 0.062685
0 0.352078 0.201025 0.033927 0.047283
0 0.974078 0.566454 0.053927 0.131833
