0 0.629854 0.192333 0.024146 0.043333
0 0.699188 0.218602 0.041042 0.064278
0 0.726854 0.176136 0.027479 0.040172
0 0.640745 0.225130 0.031260 0.050444
0 0.777073 0.176136 0.028375 0.037802
0 0.453964 0.441620 0.062156 0.097056
0 0.666297 0.275694 0.041490 0.063870
0 0.763740 0.221565 0.039042 0.044130
0 0.732406 0.294259 0.043042 0.064667
0 0.660078 0.338111 0.052594 0.077296
0 0.811411 0.283000 0.048156 0.063481
0 0.838297 0.232231 0.040156 0.047278
0 0.711854 0.534259 0.075708 0.128259
0 0.501854 0.245667 0.035271 0.051222
0 0.903521 0.431741 0.076375 0.096259
0 0.911297 0.645472 0.116823 0.162648
0 0.974078 0.387889 0.053927 0.081259
