0 0.694745 0.192139 0.031260 0.047685
0 0.639635 0.184632 0.033042 0.048476
0 0.706630 0.228481 0.039927 0.061889
0 0.324630 0.885917 0.143490 0.231870
1 0.758969 0.200034 0.033042 0.061894
0 0.665297 0.291102 0.044823 0.070204
0 0.793630 0.183645 0.033927 0.050450
0 0.378630 0.393222 0.068823 0.099815
0 0.267188 0.403296 0.066375 0.093889
0 0.324411 0.327444 0.054594 0.074148
0 0.299740 0.265028 0.044375 0.063870
0 0.701188 0.421269 0.062375 0.106944
0 0.833854 0.321519 0.061937 0.079667
0 0.845964 0.508778 0.086594 0.122333
0 0.714521 0.592333 0.082812 0.143296
0 0.398630 0.218602 0.036823 0.059537
0 0.973745 0.364583 0.054594 0.098648
0 0.980521 0.572972 0.041042 0.116426
