0 0.694078 0.191148 0.032156 0.055185
0 0.086151 0.858407 0.170219 0.242444
0 0.179521 0.493963 0.089708 0.118000
0 0.382521 0.630065 0.099271 0.161056
0 0.755745 0.201815 0.034156 0.052815
0 0.651521 0.266611 0.039938 0.064667
0 0.806411 0.187194 0.032823 0.044907
0 0.328854 0.455444 0.081708 0.114444
0 0.734854 0.248231 0.037271 0.062685
0 0.209297 0.350361 0.067927 0.085204
1 0.486635 0.288333 0.047042 0.098630
0 0.419854 0.272130 0.044146 0.067037
1 0.724187 0.521815 0.086146 0.184778
0 0.334854 0.213074 0.039042 0.054778
1 0.412297 0.189966 0.031260 0.061513
0 0.459635 0.194706 0.031708 0.044920
