1 0.206411 0.455444 0.072823 0.124704
1 0.203297 0.679843 0.115927 0.233759
0 0.418630 0.553417 0.085260 0.142093
0 0.302297 0.486463 0.076156 0.118000
0 0.326406 0.304333 0.053708 0.084037
0 0.244411 0.309269 0.052823 0.091537
1 0.652302 0.279833 0.046375 0.094296
0 0.490411 0.308093 0.045260 0.076519
0 0.412854 0.317769 0.045708 0.076130
0 0.368630 0.238157 0.038156 0.056759
0 0.758521 0.345417 0.054813 0.080870
0 0.827745 0.316574 0.059927 0.080074
0 0.511630 0.215447 0.035260 0.069809
1 0.771854 0.519648 0.083271 0.174889
0 0.467187 0.188185 0.029479 0.046889
