0 0.620630 0.189565 0.030594 0.044907
0 0.690969 0.205565 0.038375 0.057944
0 0.637078 0.238157 0.037260 0.061500
0 0.205302 0.362806 0.068375 0.092722
0 0.441078 0.419500 0.063927 0.104963
1 0.292073 0.354704 0.069042 0.119185
0 0.765187 0.231056 0.039708 0.055185
0 0.814078 0.198657 0.036594 0.051241
0 0.751745 0.303944 0.050594 0.075333
0 0.683969 0.337120 0.048375 0.076130
0 0.851964 0.324481 0.059490 0.089556
0 0.676745 0.468481 0.075260 0.112074
0 0.799521 0.416722 0.068812 0.102593
0 0.446521 0.234602 0.033937 0.056759
0 0.809302 0.931741 0.152375 0.140222
