0 0.294854 0.964139 0.118146 0.075426
0 0.073708 0.921269 0.145333 0.161167
0 0.624635 0.172577 0.028375 0.045698
0 0.683745 0.191544 0.032823 0.054394
0 0.419302 0.534852 0.077708 0.135000
0 0.645406 0.262259 0.043708 0.079667
0 0.755630 0.215250 0.035260 0.053611
0 0.452630 0.361815 0.051927 0.087593
2 0.346630 0.386509 0.077260 0.195426
0 0.262073 0.379194 0.067708 0.103389
0 0.801521 0.208139 0.035042 0.044907
0 0.283078 0.277472 0.043490 0.061907
0 0.372521 0.255741 0.042813 0.056370
0 0.354521 0.203988 0.029937 0.038987
0 0.717745 0.624139 0.091927 0.150796
0 0.950411 0.843389 0.101260 0.192667
