0 0.162521 0.511741 0.093938 0.128259
0 0.179078 0.703741 0.125260 0.182778
0 0.602302 0.166062 0.026375 0.038198
0 0.653521 0.165271 0.024375 0.040569
0 0.714969 0.178108 0.033042 0.048857
0 0.619521 0.225917 0.036813 0.059130
0 0.741964 0.215639 0.038156 0.051241
0 0.673964 0.223148 0.035490 0.051222
1 0.638073 0.309074 0.053042 0.080852
0 0.796521 0.210704 0.037042 0.047667
1 0.319630 0.206361 0.045927 0.090352
0 0.684745 0.523981 0.076156 0.120370
0 0.445964 0.205368 0.031490 0.051228
0 0.836411 0.557963 0.095490 0.135370
0 0.927078 0.492185 0.096823 0.112074
1 0.354411 0.175343 0.038156 0.075722
0 0.971187 0.397759 0.059708 0.086000
