0 0.676521 0.177519 0.032604 0.056370
0 0.062042 0.927593 0.122000 0.148519
0 0.382521 0.633417 0.097479 0.164611
0 0.741969 0.194901 0.035042 0.050050
0 0.204406 0.479741 0.081708 0.111667
0 0.668745 0.333769 0.053927 0.082056
0 0.408740 0.298213 0.046375 0.073352
0 0.756969 0.349370 0.055708 0.084037
1 0.480854 0.294463 0.045271 0.091926
0 0.852297 0.249028 0.046823 0.061907
0 0.716521 0.530306 0.082812 0.121944
0 0.845187 0.535843 0.097937 0.128278
0 0.455302 0.223935 0.036375 0.060722
0 0.357188 0.194704 0.033042 0.045704
