0 0.624630 0.186009 0.028823 0.042537
0 0.697188 0.216037 0.033479 0.049667
0 0.722521 0.172581 0.030375 0.044913
0 0.775187 0.162111 0.033937 0.049259
0 0.164298 0.798167 0.145486 0.227037
0 0.645521 0.246852 0.038604 0.061519
0 0.719969 0.272333 0.047042 0.065852
0 0.191521 0.464926 0.084375 0.110481
0 0.806302 0.208528 0.038375 0.046500
0 0.794521 0.300185 0.048146 0.064667
0 0.673854 0.394213 0.060146 0.086796
0 0.816411 0.499491 0.089260 0.133796
0 0.712521 0.621759 0.097479 0.166593
0 0.375302 0.186407 0.029708 0.043333
0 0.512411 0.186405 0.028823 0.044117
1 0.427187 0.177716 0.028146 0.053606
0 0.971297 0.554602 0.059490 0.112870
