0 0.675302 0.176923 0.029708 0.044117
0 0.629740 0.179494 0.029708 0.047680
0 0.734411 0.186210 0.027927 0.043728
0 0.633078 0.228676 0.034156 0.053611
0 0.750521 0.215444 0.036604 0.052407
1 0.414854 0.472037 0.079042 0.158704
0 0.411521 0.313028 0.049708 0.076130
0 0.714411 0.275694 0.047490 0.085204
1 0.331078 0.312630 0.046156 0.093519
0 0.828740 0.322898 0.057042 0.073759
0 0.393969 0.242111 0.033708 0.052037
0 0.816302 0.466898 0.079708 0.108907
0 0.425854 0.189373 0.029479 0.043735
0 0.775854 0.760037 0.116146 0.184778
0 0.961745 0.904287 0.078594 0.195130
