0 0.038819 0.765370 0.075555 0.207296
0 0.093818 0.858204 0.185552 0.227037
0 0.063266 0.472037 0.124448 0.122333
0 0.633297 0.180682 0.033260 0.061117
0 0.386635 0.570806 0.091042 0.157907
0 0.299969 0.481917 0.091042 0.142093
0 0.788854 0.222352 0.037708 0.049630
0 0.721078 0.232037 0.035490 0.065074
0 0.272188 0.388083 0.066604 0.112463
0 0.440521 0.378204 0.067708 0.132222
0 0.849964 0.315991 0.062156 0.082833
1 0.844969 0.201419 0.034375 0.074939
0 0.383302 0.223148 0.044375 0.071000
0 0.712187 0.530315 0.082146 0.144074
1 0.961078 0.820685 0.079927 0.298148
0 0.978854 0.355491 0.044375 0.074944
