0 0.633188 0.214657 0.029937 0.052426
0 0.657188 0.283398 0.044146 0.072167
0 0.747521 0.198655 0.030146 0.047283
0 0.379411 0.639546 0.101490 0.165019
1 0.369078 0.366361 0.075490 0.163833
0 0.765964 0.283778 0.048823 0.076926
0 0.734635 0.351537 0.048375 0.083630
0 0.812297 0.217028 0.035260 0.041352
0 0.309630 0.345815 0.057490 0.077704
0 0.511297 0.248435 0.034156 0.051241
0 0.742188 0.670361 0.099479 0.169759
0 0.960964 0.862157 0.080156 0.233352
0 0.963521 0.529713 0.059937 0.122352
0 0.424854 0.185419 0.026146 0.040569
