0 0.607745 0.165868 0.028823 0.043339
0 0.189411 0.486852 0.085490 0.120370
0 0.019375 0.645861 0.036667 0.134204
0 0.739964 0.170803 0.028823 0.041357
0 0.671630 0.205370 0.032156 0.043333
0 0.333297 0.421667 0.073260 0.128259
0 0.456078 0.374259 0.052156 0.096667
0 0.385521 0.316972 0.055479 0.088759
0 0.327187 0.289324 0.047708 0.065056
0 0.641078 0.348583 0.048823 0.080870
0 0.300521 0.252778 0.045479 0.059148
0 0.440521 0.236972 0.038812 0.059130
0 0.504411 0.215241 0.033260 0.055185
0 0.452187 0.188583 0.028813 0.045315
0 0.734964 0.716972 0.116594 0.181611
0 0.412745 0.174753 0.029927 0.045309
