0 0.375187 0.703148 0.114375 0.228222
0 0.627188 0.195688 0.032604 0.049254
0 0.233740 0.429370 0.080375 0.108111
0 0.340635 0.449315 0.073708 0.113259
0 0.474078 0.364185 0.053490 0.087593
0 0.305188 0.334556 0.054375 0.078111
0 0.376521 0.343444 0.052604 0.080074
0 0.642188 0.269370 0.042604 0.073370
0 0.731187 0.298407 0.050375 0.084815
0 0.492630 0.263046 0.037260 0.061500
0 0.704521 0.520824 0.086813 0.159093
0 0.865745 0.367546 0.064823 0.087981
0 0.494740 0.208139 0.029042 0.048870
2 0.442073 0.202012 0.039708 0.106939
0 0.395411 0.201618 0.035260 0.055580
0 0.978745 0.408833 0.044594 0.095481
