0 0.659854 0.164283 0.025042 0.038593
0 0.391854 0.580481 0.088604 0.148815
0 0.621302 0.194306 0.032375 0.047278
0 0.706740 0.215247 0.038375 0.063876
1 0.328411 0.435296 0.078594 0.134185
1 0.192635 0.338111 0.085708 0.146037
0 0.475854 0.338509 0.052604 0.096278
0 0.651854 0.307889 0.050813 0.075333
0 0.360073 0.258500 0.043708 0.058741
0 0.431078 0.261861 0.040823 0.061500
0 0.507188 0.233417 0.033479 0.055981
0 0.819188 0.232241 0.043708 0.057556
0 0.394854 0.218204 0.031479 0.049259
0 0.441630 0.220778 0.032156 0.048074
0 0.689411 0.499694 0.077490 0.132611
0 0.842187 0.538407 0.093708 0.143667
0 0.515188 0.184831 0.026375 0.040969
