0 0.679854 0.180682 0.026812 0.042154
0 0.635302 0.198657 0.032375 0.051241
0 0.696297 0.221574 0.037490 0.052815
0 0.768078 0.172380 0.031260 0.041352
0 0.756854 0.233417 0.037708 0.055981
0 0.649073 0.297815 0.044375 0.067037
0 0.751078 0.353519 0.062156 0.096259
0 0.671411 0.421667 0.064156 0.103000
0 0.341302 0.224139 0.036375 0.050833
0 0.498969 0.229269 0.035708 0.052426
1 0.399854 0.213864 0.036146 0.066643
0 0.875740 0.388676 0.069708 0.092315
0 0.920188 0.310648 0.059042 0.070593
0 0.906297 0.625120 0.107260 0.154352
0 0.779964 0.738509 0.111490 0.178833
