1 0.632969 0.196873 0.034375 0.061106
0 0.042153 0.705324 0.082222 0.228611
1 0.184854 0.692481 0.149271 0.306444
0 0.753302 0.199639 0.033708 0.050833
0 0.234969 0.439056 0.081042 0.122741
0 0.257302 0.296824 0.051042 0.067426
0 0.679630 0.431537 0.061490 0.101407
0 0.838521 0.503843 0.080146 0.110093
0 0.885854 0.397176 0.075271 0.095093
0 0.921854 0.299787 0.062812 0.097056
0 0.453969 0.227491 0.032375 0.054389
0 0.509078 0.232037 0.035927 0.057963
0 0.772854 0.788278 0.126604 0.205704
0 0.962964 0.883296 0.076156 0.184778
