0 0.686078 0.190558 0.029927 0.041365
0 0.639406 0.211296 0.034375 0.051222
0 0.701073 0.235000 0.037708 0.051222
0 0.058818 0.647843 0.115552 0.169759
0 0.779411 0.182657 0.032156 0.045315
0 0.768854 0.251796 0.042146 0.061111
0 0.656630 0.322907 0.046594 0.072963
0 0.768302 0.391046 0.067708 0.110500
0 0.682187 0.471056 0.073271 0.120370
0 0.353854 0.209324 0.036604 0.051241
0 0.504411 0.210306 0.033260 0.053204
1 0.409406 0.199442 0.034375 0.063080
0 0.907740 0.433519 0.077708 0.100630
0 0.945521 0.334759 0.066604 0.072963
0 0.947188 0.733769 0.107708 0.175685
0 0.814969 0.892037 0.141042 0.219630
