0 0.675187 0.178901 0.029479 0.048865
0 0.628964 0.205571 0.032594 0.056376
0 0.039042 0.574759 0.076000 0.145259
0 0.332969 0.785120 0.121042 0.216759
1 0.135967 0.577519 0.121711 0.190296
0 0.734521 0.200827 0.033042 0.050050
0 0.778854 0.176923 0.031479 0.046487
0 0.715635 0.244287 0.038375 0.059537
0 0.662854 0.263046 0.038604 0.060722
0 0.796078 0.261667 0.046823 0.076111
0 0.647187 0.339102 0.049042 0.078500
0 0.741745 0.304926 0.045260 0.071778
0 0.404745 0.341463 0.048156 0.080074
0 0.708964 0.548481 0.081490 0.147222
0 0.899521 0.628287 0.115479 0.150389
1 0.957187 0.480139 0.087708 0.137759
0 0.973187 0.357269 0.055708 0.076907
