0 0.687411 0.193914 0.030823 0.047283
0 0.639745 0.216824 0.038156 0.063870
1 0.717297 0.235398 0.043927 0.073352
0 0.767964 0.214065 0.035927 0.042537
0 0.792073 0.189769 0.033042 0.042944
0 0.660745 0.316185 0.045490 0.066630
1 0.267964 0.385907 0.063490 0.119185
0 0.700964 0.467093 0.071260 0.125111
0 0.830745 0.299000 0.051260 0.063889
0 0.499187 0.268185 0.041042 0.063889
1 0.457969 0.199843 0.039042 0.084426
0 0.900521 0.547500 0.103271 0.133407
0 0.824297 0.783148 0.115260 0.197815
0 0.949521 0.343833 0.065271 0.070593
0 0.423078 0.188382 0.027490 0.041754
