0 0.631854 0.210704 0.028146 0.049259
0 0.655297 0.277074 0.042594 0.069000
0 0.744297 0.196284 0.029927 0.044913
0 0.362188 0.691889 0.111937 0.184370
1 0.359630 0.383537 0.078823 0.171333
0 0.761521 0.278259 0.046604 0.069000
0 0.730964 0.340880 0.047260 0.082056
0 0.807297 0.212287 0.034156 0.041352
0 0.297521 0.362009 0.058604 0.080870
0 0.508521 0.258315 0.034813 0.055185
0 0.733297 0.632435 0.095490 0.155537
0 0.950964 0.813565 0.100156 0.235722
0 0.954302 0.505028 0.074375 0.114833
0 0.421078 0.189766 0.026594 0.041357
0 0.810630 0.925574 0.134594 0.126296
