1 0.172078 0.518852 0.085490 0.147222
0 0.069630 0.498509 0.091260 0.130241
0 0.684521 0.189571 0.033042 0.050450
0 0.285078 0.582259 0.094594 0.148407
0 0.311411 0.341861 0.052156 0.076907
1 0.216188 0.340287 0.052813 0.099833
0 0.370630 0.363787 0.061260 0.098648
0 0.644740 0.268778 0.039708 0.065074
0 0.497411 0.261667 0.039260 0.064259
1 0.431745 0.235395 0.045260 0.104172
1 0.409969 0.189370 0.027042 0.056370
1 0.460854 0.207744 0.031042 0.063883
0 0.520188 0.187593 0.028375 0.050444
0 0.474187 0.175145 0.026604 0.045302
