0 0.334964 0.222164 0.076594 0.132228
0 0.901630 0.190491 0.198823 0.377278
0 0.273854 0.150062 0.089938 0.118394
1 0.173853 0.845620 0.258816 0.312463
0 0.365521 0.041358 0.053271 0.079013
0 0.394411 0.149074 0.075490 0.120370
0 0.469964 0.303148 0.099927 0.183593
1 0.689969 0.046296 0.051042 0.088889
0 0.606078 0.009753 0.043260 0.015802
0 0.501635 0.082901 0.061042 0.098643
2 0.458297 0.023581 0.058823 0.043457
0 0.331073 0.010741 0.071042 0.017778
0 0.821635 0.407843 0.141042 0.187537
0 0.989411 0.345620 0.023260 0.240870
