0 0.473193 0.204852 0.054615 0.080481
0 0.524062 0.289556 0.071146 0.143778
0 0.534505 0.664787 0.140573 0.265870
0 0.639870 0.311611 0.066823 0.126519
0 0.568646 0.187755 0.051042 0.084009
0 0.780182 0.072362 0.039010 0.058424
0 0.743594 0.107844 0.044896 0.064183
0 0.648490 0.200856 0.050625 0.091028
1 0.588880 0.104806 0.047240 0.096463
1 0.805729 0.096972 0.049063 0.080796
0 0.448115 0.178000 0.080333 0.072815
0 0.822161 0.175120 0.058906 0.081759
0 0.806510 0.265102 0.079792 0.107648
0 0.965365 0.285398 0.071354 0.118833
0 0.493021 0.101667 0.129375 0.159878
