0 0.473010 0.219551 0.052813 0.086231
0 0.676901 0.824074 0.152031 0.355556
0 0.580885 0.185995 0.046354 0.080491
1 0.535031 0.301065 0.060354 0.145685
0 0.716797 0.084349 0.035573 0.057469
0 0.655339 0.221472 0.050677 0.086241
0 0.796094 0.115993 0.043125 0.059385
0 0.761589 0.171611 0.047448 0.074741
0 0.580885 0.121747 0.037708 0.070894
0 0.648307 0.123662 0.038802 0.059380
0 0.846797 0.207088 0.062552 0.088157
0 0.651536 0.086475 0.033906 0.047754
0 0.603047 0.090647 0.030781 0.053317
0 0.488297 0.115494 0.129927 0.163828
