0 0.697812 0.774204 0.138750 0.312704
0 0.486859 0.517741 0.103781 0.184481
0 0.470469 0.221449 0.055688 0.077620
0 0.656823 0.363287 0.080833 0.186426
0 0.551333 0.268074 0.068792 0.120370
0 0.645885 0.130130 0.039271 0.065963
0 0.597917 0.098298 0.030000 0.049144
0 0.749141 0.162190 0.044740 0.071806
0 0.803255 0.148588 0.048073 0.071806
0 0.856823 0.123331 0.048021 0.067911
0 0.796693 0.091271 0.037135 0.054309
0 0.966094 0.085442 0.069896 0.062080
0 0.573203 0.189394 0.049115 0.079583
1 0.583594 0.120418 0.034896 0.077628
0 0.839323 0.396315 0.104896 0.151444
0 0.486964 0.119053 0.124156 0.160672
