0 0.473552 0.207727 0.053896 0.081769
0 0.512557 0.331102 0.079781 0.155278
0 0.488380 0.836222 0.176677 0.331259
0 0.635547 0.367389 0.077656 0.148556
0 0.562734 0.209162 0.053906 0.085269
0 0.771849 0.059930 0.033281 0.049381
0 0.735156 0.093619 0.040937 0.058744
0 0.646510 0.236657 0.053542 0.100611
1 0.586484 0.119987 0.049948 0.107007
1 0.791484 0.081019 0.045677 0.078739
0 0.452427 0.181356 0.084646 0.071213
0 0.805729 0.150514 0.053021 0.076639
0 0.785417 0.223069 0.065208 0.095194
0 0.931927 0.233620 0.082812 0.103500
0 0.490797 0.103741 0.126927 0.156122
