0 0.475714 0.200370 0.053906 0.080481
0 0.378083 0.748380 0.172563 0.353759
0 0.561755 0.896472 0.174198 0.210759
0 0.522104 0.389750 0.084125 0.148574
0 0.639661 0.528315 0.099219 0.197481
1 0.562031 0.200852 0.064687 0.150481
0 0.456021 0.174963 0.085729 0.069926
0 0.759427 0.063255 0.033438 0.053631
0 0.732474 0.094419 0.042031 0.060346
0 0.820651 0.093937 0.044740 0.063219
0 0.599219 0.150514 0.044167 0.068972
0 0.865937 0.177843 0.064167 0.085278
0 0.945781 0.158667 0.068437 0.098704
0 0.577656 0.092019 0.043125 0.070889
0 0.646979 0.067090 0.031771 0.057469
0 0.495005 0.100219 0.127115 0.150000
