0 0.471391 0.225218 0.054490 0.083528
0 0.374333 0.767259 0.182562 0.353444
0 0.654948 0.271815 0.060208 0.107630
0 0.594271 0.131356 0.036042 0.059417
0 0.713542 0.072333 0.029375 0.051463
0 0.758021 0.076277 0.034583 0.049613
0 0.801667 0.065494 0.034167 0.050770
0 0.512734 0.392213 0.088490 0.152352
1 0.561875 0.177736 0.041875 0.097380
0 0.745729 0.172398 0.052500 0.074944
0 0.651068 0.122457 0.038177 0.061733
0 0.887031 0.239250 0.071667 0.089907
0 0.855052 0.380898 0.095312 0.137759
0 0.565859 0.105609 0.036719 0.059744
0 0.621172 0.090648 0.035469 0.051463
0 0.491354 0.119938 0.129375 0.160865
