0 0.324016 0.934843 0.191198 0.134019
0 0.685781 0.624269 0.111771 0.240833
0 0.502714 0.455250 0.094677 0.164426
0 0.470464 0.218532 0.053510 0.079565
0 0.652083 0.319889 0.074271 0.164407
0 0.558620 0.241528 0.058594 0.108722
0 0.644609 0.119767 0.035990 0.063374
0 0.597969 0.093214 0.028750 0.049128
0 0.758073 0.178704 0.051667 0.076333
0 0.813255 0.164458 0.052031 0.076343
0 0.866094 0.132722 0.049167 0.068556
0 0.800339 0.096779 0.042969 0.057554
0 0.960078 0.082854 0.081927 0.059496
0 0.577578 0.171264 0.045469 0.070509
1 0.581589 0.112322 0.037448 0.070504
0 0.867188 0.461074 0.121250 0.167000
0 0.487964 0.120432 0.125260 0.156320
