0 0.511000 0.435657 0.094875 0.163426
0 0.662734 0.278287 0.059531 0.105796
0 0.557630 0.253185 0.057656 0.093815
0 0.473380 0.224204 0.056406 0.083778
0 0.644245 0.181620 0.049115 0.104833
0 0.582760 0.159597 0.043438 0.082806
0 0.640859 0.081232 0.028906 0.049776
0 0.600599 0.081070 0.028906 0.048156
0 0.861797 0.387574 0.099219 0.137852
0 0.915469 0.313259 0.088125 0.118741
0 0.940677 0.214167 0.073750 0.091556
0 0.847708 0.147778 0.060417 0.070185
0 0.877109 0.109242 0.056615 0.060461
0 0.488130 0.124778 0.123594 0.148815
