0 0.473557 0.208847 0.055698 0.079528
0 0.468958 0.654407 0.132812 0.250222
0 0.547448 0.222269 0.056771 0.105722
0 0.608854 0.396787 0.087500 0.152389
0 0.645521 0.216995 0.054479 0.093269
0 0.580703 0.152269 0.044948 0.069296
0 0.811745 0.123663 0.048906 0.067693
0 0.775703 0.181838 0.056615 0.079843
0 0.650729 0.146199 0.041875 0.068657
1 0.597604 0.091542 0.040625 0.085917
1 0.857057 0.167296 0.064323 0.112778
0 0.437141 0.185032 0.079615 0.076009
0 0.890938 0.300102 0.083542 0.113093
0 0.915859 0.514407 0.135885 0.187556
0 0.492469 0.106506 0.128042 0.157704
