1 0.356516 0.596194 0.139010 0.311574
0 0.578563 0.937759 0.156104 0.128185
0 0.495990 0.197861 0.067500 0.073463
0 0.723073 0.088649 0.034271 0.062720
0 0.593672 0.186231 0.049427 0.082426
0 0.589141 0.139676 0.036302 0.064519
0 0.665182 0.261417 0.057448 0.100315
0 0.754297 0.148630 0.046406 0.068093
0 0.649557 0.126245 0.036302 0.059139
0 0.905859 0.245306 0.079635 0.093167
0 0.591667 0.102975 0.031250 0.059143
0 0.635469 0.085968 0.034271 0.060935
0 0.969818 0.351824 0.062448 0.127167
0 0.488297 0.123590 0.125490 0.156709
