0 0.473187 0.209968 0.055333 0.082398
0 0.458448 0.696759 0.140917 0.272259
0 0.545833 0.227222 0.058229 0.107963
0 0.603359 0.415806 0.091302 0.161685
0 0.645078 0.224667 0.056094 0.095185
0 0.579609 0.156273 0.045260 0.070898
0 0.808516 0.119506 0.048490 0.066413
0 0.771823 0.174481 0.055000 0.077926
0 0.651016 0.152116 0.042031 0.071546
1 0.596510 0.092978 0.041667 0.086230
1 0.851120 0.160102 0.062552 0.106685
0 0.438495 0.185671 0.078719 0.074731
0 0.882760 0.285713 0.079792 0.107315
0 0.902344 0.480361 0.130521 0.177019
0 0.493302 0.107392 0.128375 0.159476
