0 0.582526 0.154773 0.032760 0.060028
0 0.601562 0.295426 0.058021 0.097815
0 0.326156 0.303574 0.076437 0.099778
0 0.705651 0.076799 0.020573 0.038439
0 0.726406 0.095091 0.027708 0.042633
0 0.736354 0.066903 0.025313 0.036639
0 0.759141 0.119685 0.034427 0.051037
0 0.794193 0.145778 0.042552 0.054037
0 0.567474 0.077699 0.024323 0.036639
0 0.764688 0.195255 0.053646 0.071417
0 0.837396 0.185667 0.052708 0.071444
0 0.913490 0.293926 0.075938 0.103222
0 0.602422 0.048909 0.018594 0.033041
0 0.583542 0.035713 0.016563 0.030641
0 0.557370 0.043511 0.016927 0.029441
