0 0.739089 0.038659 0.031094 0.041256
0 0.880495 0.630037 0.153906 0.236926
0 0.642891 0.327833 0.073906 0.124074
0 0.765365 0.055355 0.034063 0.047931
0 0.605156 0.222310 0.051771 0.090676
0 0.762917 0.353880 0.080312 0.130759
0 0.700755 0.031980 0.025052 0.037247
0 0.825104 0.067043 0.036354 0.048600
0 0.799922 0.094421 0.040885 0.052602
1 0.610599 0.146181 0.037865 0.074639
0 0.833151 0.122141 0.042760 0.061293
0 0.605339 0.095425 0.031823 0.045261
0 0.911667 0.147514 0.055521 0.069306
0 0.822656 0.193593 0.062292 0.086667
0 0.542214 0.055689 0.027344 0.047263
1 0.591823 0.049678 0.028854 0.057948
0 0.644974 0.056690 0.029948 0.047931
1 0.968281 0.252083 0.065521 0.130389
0 0.468589 0.184917 0.088198 0.069315
0 0.483021 0.363296 0.138937 0.360370
