0 0.635859 0.401898 0.089219 0.157019
1 0.613516 0.250778 0.051927 0.126185
0 0.700182 0.237250 0.066510 0.097056
0 0.612995 0.148287 0.040677 0.070519
0 0.820547 0.060992 0.040677 0.049546
0 0.774896 0.070284 0.035729 0.043980
0 0.786302 0.095458 0.042813 0.060935
0 0.783750 0.144009 0.044896 0.072241
0 0.517964 0.242009 0.062615 0.096463
0 0.873385 0.169949 0.062604 0.078917
0 0.649245 0.083040 0.033281 0.058198
0 0.595104 0.056280 0.027187 0.046807
0 0.958776 0.223097 0.084531 0.104176
0 0.915208 0.330481 0.094167 0.133630
0 0.972188 0.171384 0.057708 0.083824
0 0.543521 0.063284 0.046604 0.122865
