0 0.687526 0.603139 0.118594 0.217463
0 0.621484 0.252722 0.061719 0.103481
0 0.921823 0.847611 0.158437 0.273852
0 0.746068 0.059066 0.033802 0.049224
0 0.556979 0.221718 0.050312 0.083972
1 0.608255 0.169745 0.043698 0.082250
0 0.734687 0.297074 0.077604 0.112370
0 0.801797 0.073136 0.034115 0.050376
0 0.541958 0.157542 0.045146 0.065880
0 0.695703 0.189847 0.061302 0.093157
0 0.587812 0.121797 0.042188 0.074776
1 0.664531 0.115194 0.038333 0.077074
0 0.815625 0.119644 0.048854 0.066452
0 0.627604 0.085480 0.032708 0.053819
0 0.898958 0.129551 0.052396 0.066157
0 0.892813 0.211093 0.071146 0.081667
0 0.639714 0.060931 0.025260 0.038026
0 0.459078 0.585917 0.220594 0.675241
