0 0.695130 0.052893 0.019635 0.032026
0 0.707630 0.058760 0.024844 0.034543
0 0.341635 0.273519 0.081042 0.096667
0 0.732604 0.064628 0.024896 0.027833
0 0.738281 0.042584 0.020313 0.020291
0 0.722474 0.028376 0.018281 0.022388
0 0.755469 0.019663 0.021562 0.035622
0 0.758776 0.052894 0.025781 0.030350
0 0.750755 0.086840 0.026302 0.047950
0 0.768073 0.078037 0.025104 0.037889
0 0.610260 0.500065 0.081875 0.172833
0 0.521141 0.184491 0.046990 0.068907
0 0.777057 0.493361 0.100990 0.172833
0 0.732135 0.090194 0.026771 0.023650
0 0.794609 0.104860 0.026719 0.047113
0 0.683464 0.258667 0.060469 0.096556
0 0.783411 0.129375 0.039740 0.060102
1 0.726120 0.126861 0.041094 0.071000
0 0.636667 0.132102 0.036146 0.057167
0 0.853880 0.179662 0.052448 0.083565
0 0.579948 0.034453 0.018958 0.032864
0 0.596823 0.019872 0.015938 0.036041
0 0.942187 0.307278 0.084271 0.101593
0 0.543156 0.060432 0.036875 0.087284
