0 0.688724 0.825880 0.160990 0.309537
0 0.661927 0.439657 0.102083 0.210981
0 0.896771 0.667213 0.168542 0.265759
0 0.613776 0.219671 0.053073 0.091806
0 0.770885 0.047710 0.032083 0.051420
0 0.793281 0.039077 0.025833 0.044738
0 0.731745 0.256157 0.064323 0.107944
1 0.594818 0.146991 0.038281 0.087352
0 0.821224 0.071798 0.040365 0.051144
0 0.631693 0.124984 0.039115 0.067846
0 0.780807 0.102706 0.041615 0.060607
0 0.605859 0.080571 0.029427 0.055320
0 0.908177 0.128329 0.054167 0.063954
0 0.889609 0.167736 0.063698 0.074269
0 0.892656 0.226491 0.070729 0.096537
