0 0.696875 0.055507 0.018229 0.037241
0 0.711042 0.066903 0.024687 0.033643
0 0.784271 0.462167 0.096875 0.159593
0 0.559479 0.159574 0.038021 0.060630
0 0.613958 0.631009 0.106458 0.214167
0 0.737604 0.075448 0.027187 0.038733
0 0.761589 0.085647 0.026510 0.048335
0 0.767839 0.071203 0.019635 0.027743
0 0.832396 0.056949 0.023229 0.034957
0 0.789661 0.097342 0.036094 0.056131
0 0.797578 0.165870 0.048594 0.076222
0 0.777422 0.126884 0.037969 0.050435
0 0.575339 0.125681 0.032969 0.056435
0 0.566406 0.069151 0.020417 0.038139
0 0.613125 0.067803 0.023125 0.039039
0 0.820937 0.260935 0.066667 0.096611
0 0.902943 0.231546 0.065990 0.081611
0 0.590521 0.043811 0.020104 0.033641
0 0.976562 0.322565 0.048958 0.101722
