0 0.649870 0.502713 0.110677 0.192722
1 0.611198 0.303889 0.056458 0.151148
0 0.724036 0.299528 0.079531 0.119870
0 0.616979 0.172551 0.045521 0.081380
0 0.806875 0.052490 0.036250 0.043409
0 0.756797 0.057362 0.033698 0.047002
0 0.769349 0.080193 0.037969 0.051615
0 0.769349 0.114058 0.039115 0.067013
0 0.530240 0.269259 0.068271 0.103444
0 0.848151 0.148690 0.055885 0.070602
0 0.657682 0.107389 0.036823 0.062907
0 0.597943 0.074038 0.030469 0.047517
0 0.920312 0.189731 0.065104 0.093167
0 0.848437 0.238222 0.070312 0.098815
0 0.926641 0.138431 0.057656 0.072657
0 0.542964 0.084284 0.053490 0.132222
