0 0.659401 0.552731 0.113594 0.215796
1 0.608307 0.329546 0.061615 0.163463
0 0.736458 0.327241 0.084167 0.134222
0 0.618281 0.181787 0.048646 0.080352
0 0.802266 0.045563 0.035677 0.041870
0 0.750729 0.050181 0.031354 0.044950
0 0.761120 0.069420 0.038281 0.046489
0 0.765469 0.101744 0.036563 0.061881
0 0.536458 0.279528 0.070312 0.103426
0 0.839063 0.137917 0.053854 0.066500
0 0.661563 0.117903 0.038229 0.063417
0 0.599219 0.079427 0.031354 0.051109
0 0.907891 0.176394 0.063385 0.081880
0 0.828229 0.208718 0.063333 0.091120
0 0.909609 0.127907 0.056406 0.064963
0 0.541635 0.093765 0.054375 0.132222
