0 0.690286 0.071102 0.018906 0.035441
0 0.705130 0.080996 0.024323 0.038433
0 0.716276 0.329611 0.065469 0.106222
0 0.559401 0.155972 0.031094 0.056426
0 0.582995 0.390185 0.066823 0.131407
0 0.732474 0.092694 0.026302 0.039039
0 0.754401 0.110387 0.030365 0.051633
0 0.775156 0.093292 0.020625 0.035435
0 0.856693 0.071568 0.020156 0.038106
0 0.793698 0.126884 0.040833 0.059435
0 0.809375 0.218352 0.057396 0.087630
0 0.813620 0.165269 0.041510 0.046241
0 0.561250 0.114282 0.025313 0.031843
0 0.560260 0.069002 0.017917 0.032441
0 0.602057 0.063604 0.019948 0.033641
0 0.887005 0.371000 0.093802 0.129000
0 0.960208 0.302630 0.081667 0.088222
