0 0.676068 0.573556 0.113594 0.217296
0 0.746094 0.037902 0.030729 0.044252
0 0.619193 0.336907 0.075365 0.124593
0 0.853125 0.805519 0.152708 0.285815
0 0.786589 0.037408 0.030156 0.040306
0 0.770365 0.062798 0.033750 0.046715
1 0.622969 0.211440 0.046250 0.108343
0 0.795573 0.082024 0.037083 0.054600
0 0.617839 0.138227 0.041510 0.055583
0 0.852031 0.085479 0.044583 0.056580
0 0.747057 0.103469 0.044323 0.060024
0 0.537943 0.075616 0.029323 0.054602
1 0.596328 0.073153 0.033490 0.069398
0 0.669818 0.112098 0.040156 0.066433
1 0.884740 0.158440 0.067917 0.103898
0 0.507729 0.201083 0.065375 0.070870
0 0.572630 0.050473 0.024323 0.046713
0 0.973203 0.274444 0.055677 0.104556
0 0.463521 0.458806 0.168813 0.450648
