0 0.696302 0.062405 0.022812 0.038439
0 0.748750 0.061956 0.024167 0.020744
0 0.716380 0.079800 0.026510 0.047437
0 0.662734 0.194954 0.044740 0.074426
0 0.566146 0.110990 0.029062 0.048039
0 0.570937 0.202157 0.041042 0.074426
0 0.750443 0.099440 0.030885 0.047731
0 0.772708 0.133028 0.038646 0.063926
0 0.804661 0.111735 0.034115 0.055530
0 0.896693 0.099141 0.022760 0.038737
0 0.828724 0.168417 0.053490 0.087315
0 0.877708 0.316565 0.089792 0.127500
0 0.924948 0.256435 0.071250 0.096019
0 0.566901 0.075000 0.022760 0.030641
0 0.566641 0.040212 0.018281 0.029443
0 0.592969 0.033614 0.017604 0.030642
