0 0.533083 0.280731 0.062792 0.085204
0 0.572031 0.049508 0.016563 0.029443
0 0.577943 0.092393 0.024323 0.038437
1 0.634818 0.146676 0.049635 0.095426
0 0.571380 0.195852 0.042865 0.070222
0 0.666172 0.222847 0.050260 0.079824
0 0.772943 0.191060 0.048594 0.072620
0 0.859141 0.214148 0.061094 0.085222
0 0.785443 0.138574 0.038490 0.052833
0 0.815469 0.118186 0.034479 0.054035
0 0.737344 0.104991 0.032083 0.054037
0 0.698047 0.066603 0.022969 0.039639
0 0.717474 0.054307 0.021302 0.031841
0 0.972344 0.382991 0.057396 0.117019
