0 0.581406 0.141875 0.027500 0.047435
0 0.596328 0.258843 0.049948 0.081019
0 0.351042 0.292833 0.092479 0.095185
0 0.706250 0.088494 0.024167 0.046233
0 0.734505 0.105591 0.029740 0.046837
0 0.740911 0.076049 0.025677 0.036939
0 0.769167 0.132431 0.035937 0.053731
0 0.808125 0.165722 0.045729 0.060333
0 0.565807 0.073351 0.020573 0.035139
0 0.790339 0.230352 0.061094 0.078037
0 0.860417 0.209509 0.058229 0.073537
0 0.959531 0.348509 0.083021 0.112796
0 0.601224 0.050858 0.019948 0.032143
0 0.585703 0.039912 0.018906 0.028843
0 0.558698 0.043212 0.017917 0.028843
