0 0.696536 0.054883 0.019635 0.032237
0 0.707552 0.063266 0.023333 0.037265
0 0.326073 0.290315 0.074375 0.102593
0 0.732188 0.066513 0.025417 0.026996
0 0.731484 0.040320 0.023281 0.026159
0 0.753516 0.018196 0.018385 0.032689
0 0.755469 0.050483 0.026042 0.028044
0 0.749219 0.088620 0.025313 0.047741
0 0.770599 0.075104 0.022135 0.039570
0 0.621406 0.656593 0.106562 0.216852
0 0.502417 0.199569 0.055271 0.066380
0 0.853177 0.715315 0.147500 0.246704
0 0.733125 0.105281 0.025208 0.052143
0 0.794297 0.103077 0.026615 0.045643
0 0.710990 0.330120 0.075417 0.118796
0 0.780521 0.125292 0.038125 0.055287
1 0.719557 0.121204 0.040052 0.066389
0 0.650052 0.160292 0.037917 0.066194
0 0.847995 0.164375 0.046302 0.078139
0 0.583854 0.043357 0.018958 0.033074
0 0.597344 0.033616 0.015104 0.026998
0 0.904271 0.264324 0.070208 0.089870
0 0.545854 0.069271 0.045271 0.095876
