0 0.720365 0.890213 0.153542 0.223278
0 0.493443 0.170356 0.059573 0.085398
1 0.621823 0.293019 0.074583 0.161556
0 0.649141 0.511037 0.103281 0.175222
0 0.598333 0.224204 0.047708 0.089074
0 0.802396 0.061604 0.030313 0.048607
0 0.784792 0.369981 0.105625 0.170481
0 0.552839 0.121756 0.032969 0.063841
0 0.827500 0.120441 0.045104 0.065415
0 0.633646 0.118603 0.043854 0.070146
0 0.563021 0.077104 0.026771 0.039681
0 0.602760 0.056876 0.025833 0.046507
0 0.640156 0.054249 0.028542 0.047557
0 0.459964 0.483889 0.179927 0.489741
