0 0.752568 0.012684 0.018906 0.021665
0 0.678474 0.024849 0.015260 0.027223
0 0.693094 0.013785 0.015667 0.023867
0 0.697651 0.038868 0.022740 0.035102
0 0.732115 0.050801 0.025604 0.040894
0 0.713630 0.067252 0.027052 0.047844
0 0.575458 0.125238 0.036667 0.056769
0 0.628922 0.100909 0.034406 0.055148
2 0.583146 0.077622 0.036708 0.068356
0 0.850682 0.121241 0.054219 0.058970
0 0.776214 0.128656 0.044156 0.066619
0 0.857776 0.206447 0.056740 0.078772
0 0.401953 0.226204 0.084719 0.073556
0 0.572172 0.039969 0.020177 0.034059
0 0.918245 0.344481 0.102531 0.127556
0 0.976245 0.293565 0.049594 0.083648
