0 0.706250 0.691537 0.151875 0.353852
0 0.618854 0.261722 0.063542 0.109074
0 0.768203 0.025382 0.027969 0.047061
0 0.779661 0.370602 0.093490 0.146389
1 0.602500 0.165644 0.044583 0.089009
0 0.802448 0.047710 0.035312 0.046965
0 0.653333 0.147264 0.055104 0.072306
0 0.761406 0.065670 0.035625 0.049470
0 0.609141 0.096720 0.035990 0.055319
0 0.871458 0.089897 0.047708 0.055594
0 0.832760 0.111482 0.047708 0.058665
0 0.841224 0.150889 0.055260 0.081778
0 0.888151 0.284000 0.085469 0.112407
0 0.483995 0.197389 0.080135 0.084556
0 0.964245 0.261556 0.073594 0.101630
0 0.633906 0.027194 0.024687 0.050683
