0 0.480281 0.185852 0.060146 0.074889
1 0.626771 0.345944 0.083958 0.176519
0 0.663490 0.620444 0.111875 0.210148
0 0.603568 0.259259 0.055885 0.097741
0 0.792995 0.058058 0.034323 0.044143
0 0.838359 0.496454 0.138594 0.233278
0 0.547448 0.139227 0.036354 0.062528
0 0.811406 0.107179 0.039167 0.064106
0 0.640130 0.149861 0.048906 0.076981
0 0.564141 0.097721 0.030156 0.052020
0 0.604688 0.077103 0.030000 0.048609
0 0.645156 0.082751 0.031771 0.049924
0 0.971016 0.373694 0.060052 0.133981
0 0.457797 0.488926 0.175156 0.478481
