0 0.696354 0.052208 0.019271 0.036039
0 0.709792 0.061655 0.022812 0.036939
0 0.943594 0.915685 0.114896 0.172333
0 0.537464 0.181759 0.051635 0.070222
0 0.735339 0.067503 0.028385 0.039639
0 0.762240 0.070890 0.024063 0.028065
0 0.758906 0.053412 0.018333 0.029143
0 0.801797 0.038538 0.027031 0.030991
0 0.779349 0.076048 0.031406 0.040533
0 0.779635 0.127782 0.041042 0.061231
0 0.752292 0.099891 0.032917 0.043237
0 0.593151 0.149375 0.038490 0.059435
0 0.565052 0.080097 0.021771 0.041435
0 0.619974 0.090894 0.024323 0.041435
0 0.770521 0.184468 0.050104 0.077435
0 0.847943 0.178620 0.053177 0.067537
0 0.597708 0.057606 0.022292 0.036039
0 0.904115 0.228556 0.069375 0.082815
1 0.902083 0.336963 0.098750 0.146704
0 0.602995 0.026568 0.019740 0.029743
