0 0.696380 0.060305 0.021302 0.036039
0 0.710286 0.067953 0.021823 0.031543
0 0.848437 0.633407 0.139167 0.223185
0 0.551120 0.175907 0.044531 0.067519
0 0.636406 0.916130 0.148333 0.171444
0 0.736120 0.079198 0.027865 0.041437
0 0.761641 0.076500 0.024323 0.028841
0 0.763620 0.062830 0.019010 0.028400
0 0.818021 0.048284 0.025000 0.033091
0 0.784922 0.094042 0.031406 0.047731
0 0.786719 0.149824 0.044062 0.063926
0 0.762161 0.116986 0.035469 0.048639
0 0.583281 0.143074 0.036979 0.057630
0 0.565781 0.078301 0.022292 0.037843
0 0.614635 0.084595 0.024792 0.043235
0 0.792031 0.225852 0.058750 0.088222
0 0.874505 0.210556 0.059740 0.075630
0 0.591615 0.054007 0.022292 0.037837
0 0.946120 0.278481 0.080469 0.101704
1 0.958021 0.437269 0.086042 0.174574
