0 0.694010 0.798231 0.167292 0.343537
1 0.607448 0.422667 0.073750 0.201926
0 0.783203 0.453454 0.115365 0.177315
0 0.623464 0.214875 0.048698 0.097287
0 0.745547 0.050950 0.029635 0.043411
0 0.757656 0.074806 0.034792 0.054183
0 0.560703 0.324157 0.075469 0.121907
0 0.815234 0.110207 0.047760 0.063419
0 0.673672 0.144843 0.043490 0.077278
0 0.604844 0.095585 0.033958 0.055719
0 0.873672 0.144074 0.057344 0.069574
0 0.780182 0.140227 0.050365 0.074194
0 0.874531 0.097128 0.045208 0.068041
0 0.598359 0.058646 0.027865 0.040333
0 0.645104 0.056336 0.029583 0.048028
0 0.952604 0.304741 0.096875 0.115704
0 0.978438 0.214671 0.045208 0.083361
0 0.538078 0.107197 0.058823 0.144865
