0 0.722943 0.769741 0.157240 0.308519
0 0.658099 0.485102 0.108177 0.175500
1 0.651901 0.307806 0.072969 0.169019
0 0.585911 0.263324 0.061510 0.100759
0 0.624297 0.191625 0.054740 0.086083
1 0.792552 0.362444 0.093333 0.199667
0 0.724036 0.222500 0.061302 0.106370
0 0.799089 0.028199 0.032135 0.052694
0 0.760234 0.047790 0.034531 0.044613
0 0.698281 0.167208 0.053542 0.076991
0 0.607656 0.110632 0.040417 0.065772
0 0.820130 0.098754 0.044531 0.054974
0 0.837266 0.160093 0.061302 0.085222
0 0.902969 0.135685 0.046979 0.070963
0 0.659167 0.068735 0.033125 0.053678
1 0.581536 0.057075 0.026094 0.059728
0 0.959661 0.213093 0.076927 0.094667
0 0.604870 0.043686 0.027969 0.045909
0 0.457302 0.626704 0.236375 0.721667
