0 0.658958 0.407324 0.084375 0.154870
0 0.590052 0.316741 0.069687 0.118407
1 0.622370 0.232481 0.058385 0.131333
0 0.918307 0.843009 0.165469 0.265093
0 0.563333 0.214106 0.054688 0.083676
0 0.812292 0.441500 0.120417 0.218630
0 0.613021 0.157537 0.050312 0.069889
1 0.708047 0.201477 0.057552 0.122157
0 0.783542 0.055189 0.033542 0.050085
0 0.668151 0.139171 0.043385 0.073917
0 0.838698 0.072848 0.041771 0.053248
0 0.800833 0.103569 0.044167 0.057843
0 0.662344 0.107302 0.038229 0.054970
0 0.597969 0.072561 0.031875 0.049804
0 0.897865 0.187120 0.063542 0.081389
0 0.946302 0.332444 0.109479 0.135481
0 0.971901 0.254176 0.058281 0.095981
0 0.458521 0.574259 0.220375 0.669296
