0 0.699714 0.049120 0.023177 0.032026
0 0.709792 0.059599 0.025937 0.035380
0 0.294542 0.333389 0.080229 0.098037
0 0.734922 0.066094 0.024740 0.028254
0 0.727422 0.032809 0.018802 0.030705
0 0.743698 0.012923 0.014479 0.022143
0 0.741667 0.042626 0.022708 0.029930
0 0.743385 0.081183 0.028229 0.043763
0 0.766562 0.064000 0.024167 0.037056
0 0.448719 0.227546 0.071646 0.072463
0 0.734609 0.099413 0.025990 0.049211
0 0.790938 0.093755 0.026250 0.046694
0 0.832083 0.630704 0.145313 0.233815
0 0.773438 0.116594 0.036042 0.056331
1 0.707552 0.107373 0.036979 0.058846
0 0.677396 0.235519 0.052292 0.085889
0 0.836641 0.130949 0.041927 0.070380
0 0.597370 0.061589 0.022135 0.036844
0 0.594870 0.036863 0.014635 0.016730
0 0.849766 0.203870 0.054531 0.072889
0 0.960443 0.235713 0.081198 0.077907
0 0.985260 0.332843 0.031563 0.093611
0 0.972656 0.154731 0.056771 0.061778
0 0.581797 0.027748 0.017865 0.029094
0 0.549130 0.081519 0.046490 0.101804
