0 0.740729 0.872296 0.172708 0.259111
0 0.634297 0.286167 0.065156 0.110667
0 0.737995 0.040833 0.032865 0.048363
0 0.566250 0.241667 0.054375 0.092852
1 0.611719 0.187833 0.047396 0.095444
0 0.774271 0.389963 0.097604 0.153444
0 0.793802 0.049592 0.030417 0.047502
0 0.549870 0.167014 0.046719 0.072750
0 0.723307 0.237935 0.072552 0.122722
0 0.599609 0.129693 0.046719 0.077356
1 0.676484 0.130701 0.046094 0.087987
0 0.800677 0.090072 0.038646 0.060707
0 0.639714 0.096101 0.034635 0.059557
0 0.877370 0.103426 0.048385 0.061000
0 0.854193 0.159833 0.060156 0.073333
0 0.648281 0.069545 0.029792 0.043194
0 0.593359 0.043419 0.028177 0.040326
0 0.459964 0.579694 0.218823 0.679389
