0 0.700313 0.019768 0.018750 0.035831
0 0.160349 0.489065 0.123385 0.160907
0 0.727005 0.028272 0.024010 0.017567
0 0.720443 0.014425 0.019427 0.025146
0 0.308854 0.333278 0.069937 0.105556
0 0.726823 0.056560 0.027917 0.042713
0 0.764688 0.039588 0.024375 0.028883
0 0.763776 0.063790 0.026823 0.026998
1 0.680521 0.035187 0.021562 0.041456
0 0.790833 0.053102 0.030729 0.043341
0 0.670599 0.176630 0.047031 0.074148
0 0.608724 0.122569 0.032865 0.055287
0 0.768021 0.096166 0.036771 0.049002
0 0.810990 0.106220 0.042083 0.043967
0 0.817526 0.136398 0.050885 0.059056
0 0.878177 0.113765 0.066771 0.066600
0 0.590521 0.035816 0.021875 0.036428
0 0.620729 0.021025 0.021562 0.038346
0 0.546146 0.034872 0.020833 0.034541
0 0.527354 0.172676 0.083812 0.187722
