0 0.783958 0.053467 0.036875 0.048363
0 0.764557 0.087920 0.034948 0.044919
0 0.573203 0.219699 0.053385 0.091417
0 0.602266 0.148213 0.041719 0.065593
0 0.688984 0.221431 0.060156 0.094880
0 0.796536 0.131847 0.044635 0.067306
0 0.540234 0.142185 0.037865 0.063870
1 0.595990 0.106870 0.033021 0.062148
0 0.657031 0.125819 0.042708 0.062139
0 0.865339 0.185250 0.058177 0.084537
0 0.534432 0.098255 0.030094 0.044917
0 0.625990 0.084475 0.036875 0.055254
0 0.551875 0.071556 0.030104 0.050091
1 0.637135 0.060357 0.026250 0.051807
0 0.458297 0.597472 0.212156 0.673463
