0 0.634896 0.391907 0.085625 0.152222
0 0.950286 0.872824 0.101510 0.211204
1 0.613307 0.244870 0.051823 0.122148
0 0.777786 0.030166 0.032969 0.040282
0 0.697422 0.231509 0.065885 0.095426
0 0.724193 0.033507 0.029219 0.043622
0 0.611875 0.144620 0.041458 0.068685
0 0.821458 0.060242 0.041458 0.050306
0 0.776354 0.071101 0.035833 0.041954
0 0.787656 0.096165 0.043333 0.062004
0 0.785781 0.146292 0.045208 0.072028
0 0.516495 0.239019 0.063052 0.093741
0 0.876484 0.171356 0.063073 0.082065
0 0.648073 0.079456 0.033021 0.058663
0 0.594974 0.053558 0.026406 0.046965
0 0.959974 0.226829 0.082135 0.103787
0 0.922995 0.340944 0.097865 0.137185
0 0.967135 0.166347 0.039583 0.062009
0 0.543854 0.062099 0.045479 0.120494
