0 0.476141 0.188208 0.062802 0.078028
1 0.632318 0.366565 0.088490 0.185722
0 0.668229 0.676528 0.120104 0.233019
0 0.607943 0.273583 0.059844 0.097463
0 0.788958 0.054512 0.035312 0.041780
0 0.872266 0.571454 0.160052 0.264537
0 0.547214 0.145921 0.035885 0.064898
0 0.806068 0.100218 0.038281 0.060694
0 0.646042 0.161157 0.053333 0.082759
0 0.565391 0.102056 0.029115 0.048609
0 0.605286 0.081306 0.028490 0.047035
0 0.646484 0.091809 0.034740 0.054381
0 0.952630 0.322796 0.096823 0.122778
0 0.456745 0.487046 0.173490 0.475537
