0 0.726562 0.061205 0.023333 0.038439
0 0.751354 0.064204 0.023646 0.032441
0 0.654193 0.398898 0.080990 0.133204
0 0.698229 0.074099 0.023958 0.042635
0 0.763490 0.080099 0.025000 0.039043
0 0.737344 0.101690 0.030729 0.052231
0 0.633281 0.123282 0.031042 0.051028
0 0.570703 0.078898 0.024635 0.039037
0 0.565286 0.122681 0.028698 0.047435
0 0.784427 0.144273 0.040521 0.052231
0 0.814453 0.197662 0.052656 0.082231
0 0.884115 0.177264 0.053021 0.075028
0 0.959375 0.141579 0.051667 0.060028
0 0.938776 0.281037 0.087448 0.125407
