0 0.698516 0.047449 0.019844 0.028413
0 0.709661 0.057619 0.025365 0.030261
0 0.253823 0.379463 0.091563 0.115630
0 0.734375 0.027490 0.021250 0.028771
0 0.731693 0.037383 0.022969 0.031307
0 0.742344 0.080255 0.028229 0.044935
0 0.756536 0.057619 0.022448 0.037072
0 0.390542 0.256852 0.078958 0.077963
0 0.734844 0.092753 0.028229 0.042531
0 0.785833 0.083991 0.026875 0.042741
0 0.770495 0.110972 0.034427 0.053167
1 0.696745 0.095048 0.034427 0.055607
0 0.723932 0.400796 0.080469 0.134222
0 0.824635 0.111750 0.038854 0.055222
0 0.616198 0.084408 0.026979 0.042739
0 0.595990 0.062787 0.020833 0.035304
0 0.816146 0.166310 0.046354 0.059269
0 0.897682 0.187426 0.056302 0.066444
0 0.925703 0.245806 0.071927 0.082574
0 0.943802 0.148523 0.075417 0.063880
0 0.585807 0.036289 0.018385 0.030641
0 0.608359 0.018825 0.017552 0.033946
0 0.554130 0.105519 0.048490 0.116619
