1 0.690703 0.528148 0.116198 0.263333
0 0.619870 0.391519 0.082448 0.137926
0 0.634036 0.275528 0.069740 0.141685
0 0.831146 0.453407 0.109583 0.197407
0 0.751901 0.299102 0.078802 0.114907
0 0.611120 0.166491 0.045677 0.080093
0 0.763620 0.057184 0.032969 0.041502
0 0.791224 0.089334 0.039323 0.060794
0 0.843672 0.078617 0.039323 0.054359
0 0.691016 0.141838 0.044427 0.069361
1 0.589115 0.105138 0.031771 0.072039
0 0.869141 0.125500 0.050469 0.067759
0 0.615651 0.088262 0.030573 0.054365
0 0.845911 0.205333 0.061927 0.089185
0 0.601771 0.048344 0.026979 0.048465
0 0.383854 0.692528 0.365479 0.618648
