0 0.603932 0.353759 0.064427 0.112519
0 0.154408 0.541759 0.125705 0.191481
0 0.705469 0.056556 0.021979 0.028543
0 0.734141 0.082346 0.028385 0.044733
0 0.775911 0.073201 0.020781 0.016246
0 0.591797 0.161222 0.035469 0.062741
0 0.705573 0.097641 0.031250 0.049533
0 0.777266 0.100040 0.032240 0.030939
0 0.778438 0.144426 0.042396 0.058537
0 0.619531 0.074700 0.021146 0.038441
0 0.574323 0.049059 0.019479 0.031541
0 0.566641 0.069752 0.020573 0.039341
0 0.904453 0.268435 0.075052 0.090019
0 0.936250 0.373546 0.101250 0.140722
