0 0.700313 0.666157 0.129271 0.249352
0 0.625521 0.258750 0.061771 0.105204
0 0.744375 0.051457 0.032708 0.046641
0 0.557552 0.224866 0.052396 0.083380
1 0.609062 0.172903 0.045625 0.092009
0 0.744062 0.318463 0.083125 0.122444
0 0.799635 0.064090 0.032708 0.046643
0 0.544792 0.157977 0.045625 0.066750
0 0.702552 0.198741 0.064687 0.103481
0 0.590156 0.122372 0.042708 0.073626
1 0.666693 0.116344 0.041406 0.077646
0 0.810130 0.108019 0.044635 0.063296
0 0.630859 0.085910 0.033698 0.056976
0 0.892786 0.119502 0.051094 0.063293
0 0.880026 0.193287 0.066302 0.082241
0 0.641172 0.060931 0.028490 0.039174
0 0.459964 0.582852 0.221260 0.669519
