0 0.682500 0.729602 0.157188 0.303796
1 0.604557 0.397009 0.072344 0.194241
0 0.770938 0.415611 0.105208 0.165778
0 0.622396 0.204616 0.050833 0.089583
0 0.746979 0.052233 0.032500 0.048541
0 0.760182 0.078656 0.034115 0.054187
0 0.554214 0.311972 0.074073 0.118056
0 0.820651 0.114697 0.048490 0.064698
0 0.670443 0.136505 0.042760 0.075991
0 0.602344 0.089813 0.033229 0.051874
0 0.881250 0.145995 0.058021 0.081120
0 0.789922 0.152407 0.054010 0.078037
0 0.881771 0.094560 0.046667 0.060343
0 0.598724 0.051592 0.027135 0.041613
0 0.643307 0.047359 0.028906 0.045463
0 0.960651 0.328583 0.080781 0.117204
0 0.982422 0.224792 0.037240 0.086602
0 0.538521 0.101271 0.056604 0.140124
