0 0.662760 0.556296 0.114167 0.198556
0 0.750104 0.046037 0.029375 0.041785
1 0.639062 0.321139 0.065104 0.145315
0 0.772995 0.060826 0.030156 0.044744
0 0.633229 0.207986 0.051771 0.072843
0 0.809193 0.051213 0.034323 0.040307
0 0.710599 0.056389 0.031823 0.050659
0 0.534203 0.102977 0.031802 0.061009
1 0.601172 0.108156 0.037656 0.080243
0 0.715156 0.208727 0.057604 0.092065
1 0.825391 0.107417 0.048490 0.081722
0 0.534219 0.237574 0.060104 0.087630
0 0.578724 0.080794 0.024323 0.055098
0 0.893203 0.183583 0.070885 0.077278
0 0.652786 0.073398 0.035990 0.058056
0 0.458745 0.475204 0.173927 0.462889
