0 0.697474 0.053103 0.020156 0.028254
0 0.709141 0.063162 0.026510 0.035798
0 0.333464 0.282704 0.078260 0.101222
0 0.733203 0.066304 0.026510 0.026996
0 0.734974 0.041158 0.020156 0.019454
0 0.754766 0.021969 0.020156 0.040233
0 0.757240 0.051218 0.026458 0.026998
0 0.749818 0.089564 0.028594 0.048372
0 0.770677 0.076361 0.022292 0.037056
0 0.615781 0.573611 0.091563 0.191704
0 0.512552 0.192032 0.051979 0.067231
0 0.811354 0.595620 0.124792 0.218093
0 0.733542 0.105910 0.027187 0.053402
0 0.795078 0.105907 0.027240 0.048370
0 0.697839 0.294500 0.066094 0.106222
0 0.782005 0.129167 0.039219 0.062204
1 0.722578 0.125396 0.042031 0.069744
0 0.643385 0.147394 0.037812 0.065972
0 0.850599 0.173171 0.049115 0.077287
0 0.583281 0.041159 0.018021 0.034541
0 0.598125 0.030471 0.013750 0.025739
0 0.921667 0.285074 0.075312 0.094889
0 0.543854 0.065124 0.038812 0.090741
