0 0.692552 0.627833 0.122500 0.227815
0 0.622604 0.255306 0.062708 0.105204
0 0.745365 0.056195 0.033646 0.049224
0 0.557292 0.223579 0.050937 0.084250
1 0.608333 0.171181 0.044167 0.085120
0 0.738021 0.305120 0.079687 0.114685
0 0.800573 0.069688 0.033646 0.049224
0 0.542828 0.158407 0.045594 0.065889
0 0.698203 0.193148 0.062760 0.095741
0 0.588698 0.122371 0.042708 0.075350
1 0.665260 0.116344 0.039479 0.077646
0 0.813021 0.114908 0.047604 0.065017
0 0.628672 0.085480 0.033177 0.054393
0 0.896198 0.125532 0.052083 0.065009
0 0.887552 0.204051 0.069687 0.081380
0 0.639974 0.060502 0.026094 0.038315
0 0.459302 0.583741 0.222375 0.670111
