0 0.697422 0.054415 0.020990 0.039115
0 0.709609 0.062830 0.023698 0.037911
0 0.384229 0.252454 0.087583 0.084204
0 0.734115 0.071845 0.026042 0.034306
0 0.750625 0.047927 0.021042 0.023435
0 0.728724 0.038225 0.017552 0.024483
0 0.764479 0.026459 0.021250 0.027267
0 0.771484 0.070642 0.027031 0.055939
0 0.757630 0.096487 0.026406 0.051137
0 0.762500 0.079808 0.021146 0.036531
0 0.602266 0.333287 0.058490 0.116056
0 0.543125 0.159894 0.031458 0.058954
0 0.700130 0.291815 0.062240 0.098000
0 0.733620 0.111211 0.031094 0.046930
0 0.793281 0.108204 0.030104 0.024093
0 0.651797 0.175218 0.044010 0.073972
0 0.799193 0.146069 0.041302 0.062546
1 0.742917 0.146968 0.042917 0.073972
0 0.625937 0.097988 0.026042 0.043320
0 0.887604 0.234120 0.071354 0.100426
0 0.542745 0.043333 0.032156 0.082963
