1 0.640547 0.698500 0.109115 0.302593
0 0.810208 0.230259 0.042396 0.052815
0 0.752865 0.140856 0.029271 0.041120
0 0.772370 0.164250 0.035365 0.046130
0 0.728203 0.162162 0.028802 0.043620
0 0.707995 0.145037 0.028802 0.037778
0 0.812318 0.264083 0.054115 0.070352
0 0.714349 0.397750 0.068698 0.115463
0 0.587682 0.308787 0.050365 0.086241
0 0.597109 0.240694 0.040052 0.068685
0 0.529651 0.216880 0.033927 0.061167
0 0.578047 0.186398 0.028281 0.050315
0 0.571250 0.159657 0.025937 0.040278
0 0.827573 0.168331 0.081375 0.128857
0 0.944354 0.239247 0.113375 0.233950
