0 0.642031 0.942370 0.128229 0.118963
0 0.580651 0.128977 0.028385 0.050435
0 0.594141 0.239343 0.050677 0.080426
0 0.362359 0.286806 0.100448 0.092019
0 0.707682 0.081598 0.027344 0.040841
0 0.736354 0.102892 0.032083 0.047439
0 0.743932 0.069602 0.027031 0.042037
0 0.772786 0.130181 0.038802 0.054028
0 0.815130 0.164662 0.046615 0.065417
0 0.565312 0.065404 0.021979 0.039637
0 0.803646 0.240250 0.064792 0.083426
0 0.872656 0.216852 0.061771 0.082222
0 0.971328 0.372500 0.059427 0.122407
0 0.600885 0.042311 0.018229 0.031841
0 0.587057 0.032115 0.016927 0.028244
0 0.558724 0.033915 0.016198 0.027044
