0 0.697396 0.060306 0.022292 0.034241
0 0.711042 0.067502 0.021250 0.030641
0 0.865885 0.673889 0.150833 0.239370
0 0.549609 0.176370 0.044531 0.068444
0 0.638698 0.957065 0.147813 0.089574
0 0.737370 0.078299 0.027344 0.041439
0 0.762161 0.073800 0.024323 0.028841
0 0.762839 0.061260 0.018906 0.028524
0 0.815312 0.046660 0.025313 0.032739
0 0.783932 0.091794 0.031406 0.046837
0 0.784948 0.146676 0.043542 0.063037
0 0.760130 0.114286 0.034427 0.045039
0 0.585547 0.145778 0.037448 0.057630
0 0.566302 0.079200 0.021250 0.036044
0 0.615391 0.086398 0.024323 0.043241
0 0.787969 0.217750 0.055729 0.086426
0 0.870964 0.206051 0.059740 0.073824
0 0.592630 0.054007 0.023281 0.036041
0 0.939792 0.271741 0.081979 0.100815
1 0.952448 0.415685 0.097187 0.169185
