0 0.698229 0.048010 0.018542 0.037239
0 0.712734 0.058806 0.026719 0.036039
0 0.514510 0.194958 0.065458 0.076824
0 0.738229 0.065403 0.025000 0.034839
0 0.762318 0.066428 0.023698 0.026870
0 0.752760 0.048283 0.020417 0.032026
0 0.791693 0.033015 0.024010 0.027641
0 0.778203 0.066903 0.030052 0.037839
0 0.773646 0.110689 0.036458 0.059437
0 0.748854 0.090594 0.028021 0.046831
0 0.601406 0.172769 0.040208 0.074426
0 0.563281 0.090595 0.022604 0.044439
0 0.630234 0.115785 0.029740 0.056430
0 0.753880 0.149671 0.042865 0.070231
0 0.824245 0.154171 0.046615 0.062435
0 0.608490 0.072601 0.024687 0.039639
0 0.866250 0.194958 0.056354 0.076824
1 0.836901 0.258546 0.076615 0.121204
0 0.610677 0.034515 0.019583 0.030641
