0 0.698672 0.051391 0.021094 0.032196
0 0.709297 0.059755 0.023385 0.031435
0 0.285922 0.344667 0.081802 0.101185
0 0.733490 0.064926 0.021979 0.023252
0 0.729010 0.031568 0.019375 0.030253
0 0.737578 0.039953 0.025156 0.026406
0 0.742865 0.082515 0.026458 0.044933
0 0.764896 0.065406 0.023021 0.036187
0 0.433135 0.237139 0.077229 0.073907
0 0.732969 0.100098 0.027292 0.045767
0 0.788594 0.091354 0.027500 0.044089
0 0.884687 0.774657 0.169063 0.278056
0 0.772943 0.115907 0.034531 0.052315
1 0.704271 0.106466 0.035937 0.059143
0 0.685339 0.263398 0.054010 0.088167
0 0.833255 0.128005 0.040677 0.064287
0 0.600208 0.067362 0.024271 0.039861
0 0.594297 0.044587 0.015885 0.020659
0 0.839870 0.193523 0.052448 0.067880
0 0.937448 0.223810 0.066562 0.079602
0 0.973177 0.315472 0.055729 0.103056
0 0.967969 0.152301 0.066146 0.063139
0 0.582187 0.030112 0.017292 0.027565
0 0.602578 0.016730 0.018490 0.029756
0 0.551078 0.089815 0.048823 0.104567
