0 0.649010 0.497704 0.109271 0.190407
1 0.611354 0.300685 0.056458 0.148852
0 0.722813 0.296454 0.078542 0.118833
0 0.616745 0.171778 0.044740 0.081889
0 0.807682 0.053258 0.036094 0.043409
0 0.757656 0.058646 0.033958 0.046489
0 0.770234 0.082118 0.038281 0.051876
0 0.769583 0.116369 0.039583 0.068041
0 0.529531 0.267972 0.067708 0.101907
0 0.849427 0.150616 0.056458 0.070343
0 0.657240 0.107132 0.036563 0.061883
0 0.597943 0.073651 0.030469 0.047254
0 0.921953 0.191782 0.065573 0.092657
0 0.851172 0.242583 0.071198 0.100352
0 0.928672 0.140611 0.058177 0.073426
0 0.543135 0.083098 0.053375 0.132222
