1 0.701146 0.581306 0.122604 0.296833
0 0.626484 0.418194 0.087448 0.146833
0 0.636667 0.291907 0.072500 0.147185
0 0.852526 0.508565 0.121719 0.227278
0 0.760990 0.324370 0.083542 0.125111
0 0.610859 0.174394 0.045885 0.079472
0 0.758906 0.055741 0.031875 0.040937
0 0.788359 0.087197 0.037656 0.059365
0 0.836693 0.077705 0.039219 0.051183
0 0.695286 0.154375 0.043802 0.074065
1 0.589818 0.110616 0.030677 0.072435
0 0.861406 0.123281 0.049583 0.065365
0 0.615469 0.094908 0.034271 0.053961
0 0.834375 0.192106 0.057813 0.083787
0 0.602630 0.054731 0.027031 0.047407
0 0.977500 0.214616 0.047083 0.088065
0 0.386521 0.706157 0.360146 0.591389
