0 0.554010 0.331259 0.057396 0.101111
0 0.568333 0.069152 0.019271 0.035741
0 0.573984 0.121333 0.026823 0.047741
1 0.658906 0.202606 0.059063 0.126306
0 0.556615 0.230343 0.053542 0.081019
0 0.693932 0.340852 0.069010 0.110111
0 0.744193 0.156120 0.038698 0.062130
0 0.811328 0.185213 0.050469 0.067537
0 0.752708 0.123435 0.033125 0.049537
0 0.786276 0.113989 0.035469 0.052837
0 0.723776 0.098240 0.027552 0.047131
0 0.687604 0.068702 0.021979 0.039637
0 0.707943 0.057156 0.022448 0.032141
0 0.897865 0.284481 0.071042 0.094519
