0 0.917188 0.916157 0.167708 0.171389
0 0.652708 0.654713 0.109792 0.202167
1 0.465703 0.239500 0.100406 0.092259
0 0.590104 0.252713 0.042500 0.068611
1 0.581901 0.177593 0.029219 0.074185
0 0.624531 0.159509 0.033125 0.049148
0 0.911693 0.334787 0.073802 0.085315
0 0.843255 0.201931 0.038594 0.061657
0 0.777135 0.203319 0.037812 0.058880
0 0.773229 0.184551 0.042500 0.049157
0 0.782604 0.160204 0.036250 0.044981
0 0.738411 0.156032 0.033906 0.044972
0 0.736042 0.117079 0.029167 0.047750
1 0.720781 0.132384 0.031563 0.053324
0 0.704766 0.124727 0.027656 0.043583
0 0.683620 0.108733 0.026094 0.036626
0 0.714531 0.103864 0.028438 0.035235
0 0.921875 0.412685 0.089479 0.115926
0 0.606953 0.131685 0.026094 0.040796
0 0.562734 0.118472 0.023698 0.036630
0 0.964297 0.265618 0.073490 0.204913
