0 0.699401 0.057606 0.018281 0.036039
0 0.713594 0.069301 0.026354 0.037839
0 0.491406 0.214153 0.071875 0.075620
0 0.738385 0.073800 0.023333 0.032441
0 0.762396 0.063323 0.023438 0.026039
0 0.751224 0.053103 0.018698 0.025739
0 0.786432 0.039612 0.024323 0.028843
0 0.777839 0.071102 0.027344 0.030641
0 0.771797 0.109789 0.031406 0.054033
0 0.748490 0.094494 0.025313 0.041439
0 0.602266 0.202454 0.038490 0.077426
0 0.560234 0.113387 0.023281 0.046837
0 0.637682 0.145778 0.034427 0.054037
0 0.746953 0.145778 0.038490 0.064833
0 0.809219 0.151176 0.041562 0.054037
0 0.616406 0.098093 0.028333 0.045037
0 0.850208 0.184468 0.044583 0.077435
1 0.803151 0.226745 0.065781 0.097213
0 0.614896 0.057606 0.021250 0.036039
