0 0.641016 0.328222 0.072760 0.129333
0 0.573203 0.266222 0.057240 0.101778
1 0.615339 0.208509 0.050469 0.103500
0 0.811563 0.503083 0.123125 0.189611
0 0.784427 0.045716 0.030104 0.043194
0 0.554792 0.186972 0.049479 0.077648
0 0.748594 0.292917 0.084375 0.144833
0 0.606120 0.144769 0.047552 0.079370
1 0.686563 0.155106 0.045625 0.100046
0 0.793151 0.075002 0.034010 0.053533
0 0.648776 0.113760 0.035885 0.062146
0 0.863411 0.093948 0.044635 0.060419
0 0.831927 0.138741 0.055313 0.063870
0 0.653620 0.085337 0.034010 0.043196
0 0.594505 0.056051 0.028177 0.046643
0 0.956510 0.245083 0.077604 0.100907
0 0.456406 0.583639 0.227042 0.668722
