0 0.687500 0.029738 0.017188 0.022180
0 0.698255 0.045245 0.021198 0.033913
0 0.188172 0.453231 0.109010 0.137426
0 0.707161 0.016206 0.017760 0.028707
0 0.727187 0.052474 0.025521 0.018615
0 0.725417 0.036549 0.019896 0.020291
0 0.328995 0.296731 0.065760 0.095685
0 0.725755 0.081497 0.030052 0.038524
0 0.768958 0.064838 0.026146 0.032446
0 0.759479 0.095746 0.029792 0.049841
1 0.678333 0.068190 0.027083 0.050046
0 0.797708 0.083488 0.036979 0.043765
0 0.641901 0.131995 0.038177 0.058213
0 0.595833 0.100457 0.026146 0.047530
0 0.776745 0.128537 0.040260 0.050889
0 0.838151 0.140694 0.052552 0.040407
0 0.839401 0.176634 0.055260 0.070806
0 0.890365 0.136708 0.067396 0.065972
0 0.583255 0.044511 0.019635 0.034541
0 0.610365 0.032672 0.019688 0.033494
0 0.542682 0.037911 0.017656 0.032237
0 0.538187 0.143444 0.068146 0.158889
