0 0.696615 0.058956 0.022812 0.036939
0 0.746484 0.056706 0.021302 0.023446
0 0.713333 0.075602 0.026875 0.043241
0 0.682708 0.230806 0.050625 0.083722
0 0.566302 0.124185 0.030417 0.055833
0 0.575417 0.255537 0.047604 0.090000
0 0.745964 0.091345 0.029427 0.045939
0 0.765182 0.116538 0.035469 0.058535
0 0.791771 0.096743 0.030937 0.049533
0 0.882760 0.087273 0.016875 0.041491
0 0.815026 0.143977 0.046094 0.075620
0 0.846172 0.260944 0.072865 0.109815
0 0.878542 0.211898 0.058750 0.083722
0 0.567578 0.084147 0.024844 0.029743
0 0.566302 0.047710 0.019271 0.032443
0 0.599479 0.039163 0.018750 0.033341
