0 0.697422 0.641685 0.141094 0.324333
0 0.617760 0.255324 0.061667 0.106278
0 0.767891 0.026080 0.028281 0.048456
0 0.771667 0.350139 0.088438 0.142204
1 0.600859 0.162995 0.043802 0.093750
0 0.804557 0.050216 0.034844 0.050306
0 0.650651 0.142949 0.051302 0.072028
0 0.763437 0.068178 0.036250 0.052811
0 0.608125 0.091568 0.033958 0.052809
0 0.874349 0.093656 0.049427 0.056985
0 0.837917 0.116631 0.050833 0.061165
0 0.845677 0.157991 0.057917 0.078722
0 0.904193 0.302519 0.091302 0.117148
0 0.478672 0.193495 0.083281 0.084565
0 0.968880 0.267454 0.064323 0.102389
0 0.632109 0.026080 0.026406 0.048456
