1 0.323677 0.267426 0.119771 0.092630
0 0.621432 0.620528 0.101302 0.186204
1 0.590729 0.304185 0.046146 0.119370
0 0.695234 0.313657 0.060260 0.093759
0 0.843568 0.260750 0.056198 0.071463
0 0.796563 0.160769 0.037396 0.048630
0 0.808333 0.189731 0.043958 0.053093
0 0.752552 0.171630 0.039583 0.048074
0 0.753490 0.131810 0.031458 0.040843
0 0.729844 0.151579 0.032396 0.043620
1 0.709479 0.123454 0.029271 0.051981
0 0.858307 0.304463 0.064323 0.084259
0 0.639167 0.206713 0.036458 0.059204
0 0.574297 0.186394 0.032656 0.056435
0 0.605469 0.148796 0.027396 0.046963
0 0.538099 0.142111 0.024219 0.044741
0 0.892078 0.195299 0.110823 0.148031
