0 0.698880 0.051654 0.021406 0.032448
0 0.708984 0.058419 0.024010 0.028663
0 0.281734 0.349213 0.083073 0.103056
0 0.734479 0.064745 0.020417 0.025180
0 0.729714 0.031035 0.019635 0.030059
0 0.736693 0.039086 0.025260 0.027406
0 0.742474 0.081367 0.026406 0.043544
0 0.764167 0.065944 0.023125 0.034883
0 0.427005 0.239759 0.075906 0.074519
0 0.733125 0.097986 0.027396 0.043750
0 0.789505 0.089327 0.025885 0.043328
0 0.910365 0.835769 0.181354 0.273648
0 0.772656 0.114884 0.034896 0.052583
1 0.703307 0.103536 0.035260 0.056446
0 0.688854 0.276167 0.059167 0.093185
0 0.832214 0.124380 0.039635 0.059889
0 0.602240 0.068949 0.023021 0.036520
0 0.593906 0.050671 0.016875 0.028124
0 0.836484 0.188222 0.051094 0.065111
0 0.930859 0.217722 0.065156 0.077370
0 0.968776 0.303556 0.064531 0.098333
0 0.965859 0.150227 0.070365 0.058880
0 0.583177 0.030513 0.017188 0.028414
0 0.603490 0.016416 0.018125 0.029128
0 0.551411 0.092185 0.049490 0.105752
