0 0.688620 0.037387 0.019427 0.026996
0 0.699974 0.053103 0.019427 0.035798
0 0.197479 0.447259 0.105000 0.132593
0 0.743828 0.020220 0.024635 0.026126
0 0.708438 0.025443 0.018021 0.025740
0 0.726823 0.060018 0.027917 0.024483
0 0.729323 0.041158 0.021562 0.016939
0 0.335297 0.288333 0.067927 0.094704
0 0.726823 0.088937 0.030729 0.042089
0 0.772786 0.074477 0.023698 0.035798
0 0.759714 0.101508 0.031406 0.049631
1 0.679453 0.077619 0.029323 0.047113
0 0.802135 0.091451 0.038542 0.047117
0 0.637734 0.126023 0.032135 0.055917
0 0.594948 0.096479 0.027187 0.047117
0 0.780573 0.138597 0.039271 0.053398
0 0.846328 0.153056 0.053385 0.047111
0 0.847760 0.185750 0.056250 0.067241
0 0.897266 0.141741 0.067552 0.069741
0 0.583620 0.046817 0.021510 0.030770
0 0.610495 0.032986 0.020156 0.030769
0 0.544375 0.040530 0.018021 0.033281
0 0.542969 0.133271 0.063708 0.151976
