0 0.701797 0.664528 0.146094 0.336574
0 0.618542 0.257269 0.062604 0.107944
0 0.768203 0.024965 0.027656 0.046226
0 0.775417 0.358481 0.090937 0.143333
1 0.601641 0.163000 0.044115 0.090407
0 0.803307 0.047988 0.035469 0.048080
0 0.651771 0.144060 0.053542 0.072028
0 0.762656 0.066229 0.035937 0.051143
0 0.608750 0.093518 0.035208 0.054483
0 0.873255 0.090875 0.048490 0.055880
0 0.835417 0.113011 0.048958 0.059496
0 0.843646 0.153532 0.056354 0.080935
0 0.896042 0.291935 0.088125 0.113796
0 0.481646 0.194884 0.081708 0.084009
0 0.966562 0.264509 0.068958 0.102019
0 0.633047 0.026080 0.025156 0.048456
