0 0.588724 0.200361 0.038490 0.070833
0 0.617083 0.419583 0.078333 0.142204
0 0.289547 0.354750 0.080760 0.113944
0 0.710781 0.061955 0.020417 0.027943
0 0.718646 0.085798 0.026354 0.038441
0 0.731641 0.057007 0.019948 0.034841
0 0.749349 0.105887 0.033073 0.042633
0 0.779036 0.123579 0.033073 0.050435
0 0.574740 0.100792 0.025313 0.045639
0 0.733646 0.151472 0.040833 0.059426
0 0.802474 0.152074 0.042240 0.059426
0 0.843958 0.220750 0.057708 0.080426
0 0.609323 0.060606 0.020313 0.033641
0 0.580651 0.044111 0.018281 0.030641
0 0.561745 0.053408 0.018906 0.031243
