0 0.696354 0.063004 0.022292 0.039637
0 0.748984 0.062105 0.024323 0.019846
0 0.716615 0.080099 0.026354 0.048635
0 0.661953 0.193458 0.044531 0.073824
0 0.566302 0.110689 0.029375 0.048641
0 0.570885 0.199759 0.040521 0.072037
0 0.750521 0.099894 0.031354 0.048639
0 0.773307 0.134079 0.038490 0.063028
0 0.805677 0.112489 0.034479 0.055837
0 0.896797 0.099893 0.024323 0.037844
0 0.829479 0.170069 0.053646 0.088231
0 0.879583 0.320315 0.091146 0.129630
0 0.927656 0.259139 0.071875 0.097204
0 0.566823 0.074700 0.022292 0.030641
0 0.566823 0.039612 0.018229 0.028843
0 0.592630 0.033314 0.017240 0.030642
