0 0.697396 0.059106 0.018229 0.036639
0 0.710859 0.069003 0.022969 0.034839
0 0.800130 0.509843 0.106302 0.177574
0 0.557031 0.165565 0.041146 0.060019
0 0.620964 0.718574 0.119844 0.253148
0 0.737370 0.076499 0.026719 0.039039
0 0.761510 0.082499 0.023646 0.040243
0 0.766510 0.068587 0.019479 0.027948
0 0.827891 0.054241 0.023802 0.034374
0 0.787786 0.098692 0.034427 0.053431
0 0.793880 0.163773 0.047969 0.075639
0 0.772109 0.125384 0.037448 0.049231
0 0.577760 0.133181 0.033438 0.057639
0 0.566458 0.071701 0.020938 0.037839
0 0.613880 0.074399 0.023281 0.042035
0 0.810234 0.250444 0.063802 0.094222
0 0.893229 0.226449 0.064479 0.084620
0 0.591120 0.048909 0.021615 0.036641
0 0.969479 0.308630 0.063125 0.103815
