0 0.656042 0.399157 0.081458 0.154019
0 0.586927 0.313306 0.069167 0.116685
1 0.621641 0.229463 0.055990 0.127037
0 0.910130 0.814676 0.181823 0.317685
0 0.561406 0.212819 0.055625 0.081102
0 0.801380 0.419528 0.115052 0.207426
0 0.611797 0.159699 0.049844 0.072491
1 0.704167 0.195880 0.055625 0.116130
0 0.783776 0.062941 0.032031 0.050085
0 0.665260 0.140463 0.042396 0.073056
0 0.841615 0.079307 0.041771 0.057552
0 0.803490 0.111751 0.045625 0.060424
0 0.660885 0.106006 0.036250 0.048933
0 0.596797 0.075576 0.031406 0.048941
0 0.903958 0.197880 0.065000 0.082241
0 0.951562 0.351167 0.098958 0.138630
0 0.974974 0.265102 0.052135 0.088167
0 0.458740 0.575537 0.219708 0.669111
