0 0.491844 0.251648 0.080167 0.081630
0 0.569010 0.033466 0.017604 0.027943
0 0.573802 0.068852 0.025833 0.036941
1 0.607552 0.115036 0.047396 0.085520
0 0.571797 0.165875 0.036302 0.067843
0 0.645339 0.160921 0.039010 0.063935
0 0.806276 0.229440 0.064323 0.089417
0 0.902422 0.240241 0.073385 0.094815
0 0.805260 0.158069 0.044375 0.061231
0 0.826094 0.120284 0.042188 0.059431
0 0.745547 0.112936 0.039010 0.063331
0 0.700000 0.065554 0.024479 0.044137
0 0.718646 0.052957 0.025000 0.038741
0 0.688255 0.046210 0.022969 0.032439
