0 0.688281 0.015054 0.017813 0.026404
0 0.699948 0.034454 0.019896 0.029511
0 0.176260 0.468426 0.113958 0.150630
0 0.726719 0.041158 0.025313 0.025320
0 0.724245 0.021043 0.018490 0.017778
0 0.320865 0.311889 0.063604 0.101074
0 0.727422 0.070075 0.030052 0.040409
0 0.767734 0.050379 0.025365 0.025320
0 0.760781 0.083905 0.029792 0.042080
1 0.678620 0.051845 0.024844 0.045017
0 0.795078 0.067981 0.034740 0.048791
0 0.653516 0.145093 0.040156 0.066389
0 0.600365 0.103603 0.028646 0.049628
0 0.772083 0.110519 0.040625 0.054241
0 0.826432 0.126866 0.053177 0.050046
0 0.829844 0.154731 0.053333 0.062204
0 0.884297 0.123301 0.068906 0.067231
0 0.586562 0.038435 0.022292 0.036637
0 0.614375 0.021759 0.020833 0.039815
0 0.544141 0.033406 0.018490 0.031607
0 0.536078 0.153818 0.075260 0.171735
