0 0.697839 0.056351 0.020885 0.033913
0 0.709505 0.065466 0.024635 0.031609
0 0.310766 0.317352 0.081240 0.095185
0 0.731536 0.067456 0.024844 0.026787
0 0.727786 0.039168 0.022031 0.028883
0 0.749792 0.019244 0.015417 0.034785
0 0.747578 0.047655 0.022969 0.031606
0 0.743047 0.088518 0.032969 0.046280
0 0.767422 0.072800 0.022865 0.039152
0 0.636146 0.899065 0.147083 0.205574
0 0.476536 0.217394 0.065760 0.068917
0 0.734036 0.105802 0.026510 0.050674
0 0.792786 0.100144 0.027344 0.043970
0 0.757995 0.450083 0.098073 0.153352
0 0.777448 0.123509 0.036979 0.058852
1 0.713932 0.118586 0.038906 0.065346
0 0.664115 0.198315 0.045104 0.074778
0 0.842057 0.149597 0.044323 0.067435
0 0.589271 0.056874 0.019688 0.034959
0 0.597839 0.043359 0.016719 0.032237
0 0.871458 0.232787 0.061354 0.080426
0 0.977656 0.271444 0.046771 0.086926
0 0.547130 0.079840 0.045156 0.096865
