0 0.581979 0.155972 0.033438 0.057630
0 0.603594 0.304722 0.059792 0.105630
0 0.318172 0.305583 0.073260 0.098796
0 0.706328 0.071852 0.021302 0.042337
0 0.724479 0.089995 0.028542 0.042639
0 0.734323 0.061356 0.025000 0.041137
0 0.756667 0.113688 0.034583 0.052235
0 0.789818 0.137681 0.039844 0.053435
0 0.568073 0.076949 0.022500 0.035139
0 0.758281 0.182963 0.051354 0.066630
0 0.830651 0.175616 0.048906 0.072324
0 0.899062 0.276083 0.071042 0.095722
0 0.602917 0.044711 0.018958 0.031241
0 0.582604 0.033765 0.017083 0.030341
0 0.557891 0.040811 0.019948 0.030641
