1 0.444125 0.234185 0.111479 0.091296
0 0.590859 0.287917 0.047656 0.084722
1 0.585651 0.187949 0.032448 0.080509
0 0.635938 0.174144 0.035833 0.056491
0 0.890755 0.302926 0.067240 0.085926
0 0.835547 0.181347 0.040573 0.058898
0 0.779635 0.191551 0.040208 0.056491
0 0.769193 0.173843 0.039531 0.051093
0 0.781302 0.147722 0.032188 0.049926
0 0.738203 0.146935 0.034948 0.046593
0 0.727474 0.101345 0.028594 0.044680
1 0.719609 0.122296 0.030469 0.056037
0 0.704036 0.114495 0.027552 0.043491
0 0.901380 0.367472 0.079740 0.106907
0 0.614661 0.134218 0.028385 0.043880
0 0.566719 0.121306 0.026354 0.042074
0 0.951297 0.243692 0.099490 0.210839
