0 0.699818 0.057721 0.019635 0.036109
0 0.712474 0.066135 0.025365 0.037311
0 0.429193 0.233509 0.086240 0.077574
0 0.737344 0.073948 0.024375 0.040919
0 0.760651 0.053731 0.022031 0.025322
0 0.740625 0.042835 0.020104 0.023644
0 0.774010 0.032179 0.022708 0.029498
0 0.776719 0.074550 0.026042 0.054141
0 0.764036 0.100091 0.030469 0.049930
0 0.754401 0.083944 0.019844 0.029870
0 0.599740 0.261759 0.048750 0.094407
0 0.552240 0.136454 0.029479 0.051741
0 0.667370 0.210375 0.047344 0.078176
0 0.738516 0.123829 0.034844 0.054139
0 0.795469 0.126537 0.032500 0.046333
0 0.635911 0.133745 0.035885 0.063157
0 0.815417 0.155685 0.043958 0.068556
1 0.760313 0.169801 0.049375 0.081176
0 0.622917 0.073948 0.024687 0.040919
0 0.952344 0.301426 0.097396 0.120852
0 0.546021 0.038642 0.032271 0.073580
