0 0.697292 0.053207 0.020000 0.028885
0 0.708854 0.063056 0.025937 0.036009
0 0.332406 0.283796 0.077708 0.101407
0 0.733021 0.066198 0.026354 0.027207
0 0.734427 0.040844 0.020729 0.020502
0 0.754635 0.021340 0.019896 0.038976
0 0.757135 0.051113 0.026250 0.027207
0 0.749792 0.089353 0.027917 0.048369
0 0.770755 0.076045 0.022135 0.037261
0 0.616641 0.584713 0.093698 0.195056
0 0.511125 0.192972 0.052438 0.067019
0 0.817240 0.612481 0.128542 0.224185
0 0.733490 0.105698 0.026875 0.053400
0 0.794948 0.105383 0.027187 0.048159
0 0.699661 0.299324 0.067448 0.107870
0 0.781797 0.128435 0.039115 0.061148
1 0.722109 0.124558 0.041823 0.069328
0 0.644375 0.149074 0.037708 0.065981
0 0.850234 0.171810 0.048698 0.077491
0 0.583333 0.041263 0.018125 0.034333
0 0.597995 0.030786 0.014010 0.025950
0 0.919193 0.281926 0.074635 0.094037
0 0.543854 0.066111 0.038812 0.096667
