0 0.695703 0.060456 0.019948 0.037541
0 0.709688 0.068702 0.022292 0.033041
0 0.826875 0.582426 0.124688 0.203370
0 0.553151 0.174264 0.044219 0.065435
0 0.632370 0.852463 0.144948 0.250444
0 0.735156 0.079646 0.028021 0.041133
0 0.761146 0.079498 0.023958 0.030041
0 0.764688 0.064923 0.019167 0.028235
0 0.821589 0.050451 0.024531 0.033557
0 0.786120 0.096893 0.031719 0.049233
0 0.789062 0.154773 0.045104 0.066639
0 0.765104 0.120583 0.036667 0.051630
0 0.580573 0.139778 0.035937 0.057630
0 0.565443 0.076647 0.022969 0.039335
0 0.613880 0.081899 0.024948 0.043239
0 0.797682 0.236046 0.061927 0.090611
0 0.879896 0.216704 0.060417 0.078926
0 0.590677 0.053556 0.021458 0.039339
0 0.958594 0.288231 0.084896 0.102611
1 0.966016 0.462167 0.070052 0.174593
