0 0.695521 0.062555 0.022292 0.042339
0 0.745208 0.059105 0.021771 0.028243
0 0.711797 0.073500 0.028177 0.038441
0 0.692057 0.252685 0.057240 0.092111
0 0.565365 0.129731 0.032917 0.050130
0 0.578880 0.279528 0.052865 0.093019
0 0.743099 0.087146 0.028698 0.037541
0 0.763359 0.111589 0.034427 0.059433
0 0.789167 0.091942 0.029375 0.048931
0 0.875573 0.082937 0.017813 0.040552
0 0.810755 0.139926 0.043906 0.074722
0 0.836146 0.248046 0.071042 0.105611
0 0.861354 0.198856 0.053333 0.081620
0 0.568177 0.091793 0.025313 0.033637
0 0.565807 0.053258 0.018594 0.035739
0 0.603177 0.043811 0.019062 0.034241
0 0.963906 0.475806 0.074271 0.157500
