0 0.687943 0.013796 0.017552 0.023889
0 0.699609 0.030891 0.019635 0.028255
0 0.174849 0.469472 0.114427 0.153574
0 0.727318 0.038644 0.025573 0.026157
0 0.723750 0.014215 0.018958 0.024726
0 0.319922 0.312796 0.063781 0.102296
0 0.727318 0.066932 0.029323 0.039991
0 0.767969 0.047026 0.024896 0.023644
0 0.761484 0.080133 0.030260 0.039567
1 0.678880 0.049331 0.023906 0.044180
0 0.795078 0.063999 0.033802 0.046694
0 0.655156 0.145931 0.041146 0.068065
0 0.601172 0.103184 0.029323 0.049631
0 0.771745 0.106329 0.039948 0.052565
0 0.823854 0.122042 0.052188 0.050472
0 0.828203 0.151380 0.053385 0.062204
0 0.883359 0.120579 0.068906 0.068491
0 0.586693 0.036339 0.022969 0.037474
0 0.615104 0.020292 0.020833 0.036880
0 0.544245 0.031939 0.018281 0.031189
0 0.535521 0.153222 0.076812 0.173704
