0 0.698516 0.622519 0.132135 0.242444
0 0.637969 0.424120 0.100208 0.158056
1 0.643594 0.276833 0.072083 0.150593
0 0.579323 0.244972 0.058542 0.094870
0 0.622630 0.178361 0.054010 0.087981
1 0.764427 0.300380 0.081146 0.173537
0 0.707891 0.191565 0.057240 0.096019
0 0.809089 0.037167 0.036302 0.050756
0 0.768490 0.054571 0.037917 0.049891
0 0.688021 0.141898 0.047917 0.067889
0 0.605182 0.095096 0.037865 0.062715
0 0.836589 0.111814 0.048594 0.058520
0 0.854479 0.184014 0.067917 0.096491
0 0.914740 0.154389 0.052500 0.073481
0 0.653125 0.054328 0.029167 0.051233
1 0.578359 0.047151 0.027552 0.056402
0 0.974245 0.249472 0.052656 0.101537
0 0.457745 0.612481 0.232823 0.735889
