0 0.904531 0.878889 0.193021 0.245926
0 0.645156 0.615120 0.101458 0.183907
1 0.468318 0.242556 0.100365 0.092037
0 0.588802 0.248769 0.041875 0.070944
1 0.580677 0.180491 0.029375 0.070389
0 0.622578 0.161259 0.032031 0.052444
0 0.916198 0.345769 0.076667 0.088500
0 0.843750 0.207222 0.038542 0.060222
0 0.775417 0.207083 0.037604 0.058093
0 0.772448 0.190574 0.041979 0.051926
0 0.780781 0.165306 0.037812 0.045907
0 0.737891 0.160199 0.035990 0.044046
0 0.737370 0.123574 0.029740 0.051463
1 0.720781 0.138412 0.031563 0.054250
0 0.705026 0.129829 0.029219 0.044509
0 0.683880 0.113370 0.026615 0.036630
0 0.715052 0.107575 0.026354 0.035239
0 0.926328 0.425167 0.092656 0.121519
0 0.604896 0.135171 0.026250 0.040046
0 0.560781 0.119963 0.023438 0.036259
0 0.968297 0.265614 0.065490 0.203328
