0 0.698099 0.874130 0.168281 0.255444
1 0.660677 0.461389 0.086146 0.199037
0 0.767995 0.052938 0.025677 0.039813
0 0.647240 0.279231 0.060937 0.103907
0 0.531573 0.121467 0.034875 0.062493
1 0.603828 0.147597 0.045156 0.096028
0 0.770885 0.343574 0.084792 0.134963
1 0.796849 0.083997 0.043490 0.069394
0 0.542266 0.275787 0.051823 0.097981
0 0.583854 0.108894 0.029583 0.057065
0 0.846198 0.142417 0.056250 0.070870
0 0.669687 0.111358 0.044271 0.071857
0 0.559323 0.057622 0.027083 0.046222
0 0.965833 0.273454 0.070417 0.111648
0 0.459969 0.478759 0.172375 0.488963
