0 0.696380 0.062105 0.021302 0.034243
0 0.709531 0.070652 0.021250 0.031541
0 0.885625 0.731926 0.161979 0.258259
0 0.546563 0.181759 0.047604 0.066630
0 0.735859 0.080547 0.028385 0.040535
0 0.762187 0.073219 0.024271 0.028685
0 0.762057 0.059691 0.018802 0.028648
0 0.812578 0.045035 0.025677 0.032393
0 0.781901 0.091346 0.031406 0.044141
0 0.783151 0.145324 0.042031 0.062130
0 0.757604 0.116537 0.034479 0.047741
0 0.586042 0.150722 0.037500 0.060333
0 0.565052 0.084145 0.021771 0.035135
0 0.615391 0.090894 0.024323 0.041435
0 0.782656 0.214597 0.056250 0.085509
0 0.864896 0.205602 0.057708 0.074722
0 0.592630 0.059856 0.023281 0.035141
0 0.930937 0.267241 0.078437 0.097222
1 0.945599 0.405343 0.110885 0.170093
