0 0.688411 0.016624 0.017760 0.029544
0 0.700000 0.038958 0.020000 0.031817
0 0.178443 0.466315 0.113135 0.146852
0 0.726302 0.044616 0.025000 0.023854
0 0.724531 0.025024 0.018125 0.018197
0 0.322271 0.310519 0.063354 0.099259
0 0.727240 0.074163 0.030625 0.040619
0 0.767500 0.054883 0.025521 0.027207
0 0.759766 0.088410 0.029219 0.043550
1 0.678333 0.055617 0.025937 0.045856
0 0.795365 0.073012 0.035833 0.050050
0 0.650755 0.142995 0.039323 0.063454
0 0.599063 0.103603 0.027917 0.049628
0 0.772917 0.115964 0.040833 0.055072
0 0.829609 0.130741 0.053177 0.045648
0 0.832005 0.159866 0.053490 0.062417
0 0.885651 0.127282 0.068594 0.065972
0 0.585911 0.040844 0.021406 0.035589
0 0.613333 0.023540 0.020833 0.043376
0 0.543854 0.035816 0.018854 0.032235
0 0.536911 0.154706 0.072927 0.168772
