0 0.546818 0.307269 0.057198 0.096315
0 0.569115 0.061205 0.018750 0.032443
0 0.574401 0.111135 0.027344 0.045933
1 0.649557 0.180421 0.055156 0.116120
0 0.562760 0.217301 0.046562 0.078324
0 0.683464 0.288380 0.062240 0.098130
0 0.752292 0.167370 0.043021 0.066630
0 0.826172 0.195255 0.053177 0.073824
0 0.762682 0.127333 0.035469 0.051333
0 0.795807 0.117433 0.035990 0.054930
0 0.727266 0.100790 0.031406 0.054031
0 0.690052 0.068403 0.022812 0.037839
0 0.710026 0.056706 0.020260 0.032439
0 0.926380 0.314472 0.077448 0.101722
