0 0.700911 0.055807 0.022656 0.037241
0 0.713750 0.065104 0.023958 0.037841
0 0.474380 0.216245 0.078302 0.076213
0 0.738724 0.073201 0.024010 0.034839
0 0.762474 0.061383 0.023281 0.025522
0 0.747344 0.047445 0.018958 0.021969
0 0.784766 0.035714 0.021615 0.029443
0 0.778021 0.078297 0.026979 0.049831
0 0.770078 0.104092 0.030052 0.051039
0 0.750521 0.091793 0.025313 0.038433
0 0.602396 0.215644 0.040833 0.083417
0 0.558542 0.118485 0.025313 0.052233
0 0.644922 0.160769 0.038802 0.064833
0 0.745286 0.133778 0.035781 0.052833
0 0.805000 0.137977 0.040521 0.045639
0 0.622630 0.103790 0.031406 0.049235
0 0.839427 0.175764 0.044583 0.072028
1 0.788307 0.203352 0.057760 0.094815
0 0.618750 0.058506 0.023646 0.037839
