0 0.701693 0.681194 0.140990 0.258426
1 0.663047 0.379074 0.087552 0.203556
0 0.598177 0.309315 0.069583 0.120222
0 0.625755 0.221421 0.063490 0.110269
1 0.873073 0.552491 0.140729 0.290389
0 0.756979 0.295065 0.078542 0.137463
0 0.742995 0.026255 0.032656 0.048806
0 0.720026 0.214935 0.064427 0.090389
0 0.608021 0.132880 0.044062 0.071389
0 0.788438 0.072626 0.038958 0.050230
0 0.809922 0.116679 0.048906 0.073550
0 0.874167 0.100269 0.045729 0.058869
0 0.670807 0.094869 0.040885 0.061891
1 0.584349 0.076730 0.028281 0.064485
0 0.906146 0.162245 0.063958 0.077435
0 0.606823 0.059235 0.029479 0.049363
0 0.933932 0.326796 0.097135 0.127074
0 0.433188 0.650259 0.275708 0.703185
