0 0.590078 0.502954 0.070885 0.160204
0 0.573385 0.094493 0.025313 0.045033
0 0.579479 0.168273 0.037500 0.063046
1 0.765208 0.448972 0.121458 0.278944
0 0.458516 0.262741 0.109344 0.082815
0 0.716094 0.106188 0.033438 0.054031
0 0.759115 0.133181 0.036458 0.050435
0 0.715104 0.077399 0.025313 0.018046
0 0.757604 0.084595 0.029375 0.043235
0 0.711042 0.062105 0.023333 0.030643
0 0.680156 0.057606 0.022292 0.032443
0 0.810755 0.173667 0.046615 0.063037
0 0.880052 0.228556 0.061771 0.079222
0 0.560234 0.048609 0.017240 0.032441
0 0.946875 0.416574 0.108333 0.127815
0 0.968646 0.315806 0.044583 0.081019
