0 0.663464 0.443074 0.098281 0.168370
0 0.601615 0.331972 0.078542 0.128759
1 0.627448 0.240088 0.061771 0.129898
0 0.567552 0.215968 0.055000 0.087398
0 0.851302 0.529500 0.143125 0.267704
0 0.614688 0.153384 0.049792 0.069046
1 0.719349 0.212815 0.064010 0.125889
0 0.781667 0.042270 0.029792 0.046641
0 0.678333 0.146204 0.047188 0.079944
0 0.829818 0.058347 0.040156 0.051235
0 0.789427 0.084762 0.043333 0.054680
0 0.667344 0.108881 0.040104 0.053535
0 0.598880 0.077298 0.034948 0.056978
0 0.879896 0.161995 0.058854 0.072491
0 0.912839 0.278556 0.092448 0.123000
0 0.964141 0.226074 0.073802 0.095333
0 0.460521 0.578704 0.214375 0.667519
