0 0.661432 0.468056 0.096823 0.175889
0 0.750651 0.041846 0.030990 0.046222
0 0.612266 0.292907 0.065677 0.108074
0 0.819089 0.588352 0.117656 0.220259
0 0.797526 0.044434 0.034010 0.043017
0 0.778464 0.070194 0.034427 0.047209
1 0.619479 0.187037 0.045104 0.093556
0 0.805547 0.091886 0.036823 0.052635
0 0.612552 0.121588 0.039271 0.048935
0 0.870573 0.102300 0.048125 0.062122
0 0.766094 0.124917 0.047396 0.069148
0 0.538672 0.070069 0.028490 0.049917
1 0.593828 0.062552 0.032656 0.063970
0 0.659687 0.091271 0.035729 0.055346
1 0.911510 0.184699 0.075938 0.112046
0 0.498500 0.194435 0.073000 0.068426
0 0.468521 0.434407 0.158604 0.427926
