0 0.756094 0.073567 0.034479 0.046070
0 0.583698 0.244685 0.057604 0.094889
0 0.605000 0.160847 0.043021 0.072491
0 0.708047 0.260333 0.070469 0.104926
0 0.785417 0.112038 0.043333 0.062720
0 0.542656 0.149792 0.036875 0.068750
1 0.597083 0.108163 0.036875 0.064156
0 0.667031 0.137593 0.045937 0.066167
0 0.846510 0.156968 0.050937 0.075065
0 0.531703 0.105867 0.033365 0.051526
0 0.637057 0.094522 0.039635 0.060993
0 0.554609 0.073422 0.031719 0.056693
1 0.639740 0.059496 0.028854 0.046067
0 0.960339 0.279398 0.081406 0.109500
0 0.457411 0.590657 0.210823 0.662981
