0 0.699974 0.055017 0.018594 0.036711
0 0.712656 0.064783 0.025000 0.038211
0 0.446094 0.227509 0.084208 0.080574
0 0.738203 0.071994 0.025052 0.038211
0 0.762526 0.058473 0.023073 0.024743
0 0.741458 0.042521 0.018958 0.023017
0 0.777656 0.031427 0.022500 0.026194
0 0.777578 0.076504 0.025365 0.052641
0 0.765964 0.101444 0.031302 0.050833
0 0.751354 0.085497 0.019375 0.027376
0 0.600000 0.242083 0.046146 0.092315
0 0.554505 0.130292 0.029948 0.058046
0 0.658385 0.189194 0.045000 0.074278
0 0.741302 0.126088 0.034687 0.052639
0 0.798854 0.131796 0.035521 0.044222
0 0.630937 0.120977 0.033646 0.055046
0 0.823281 0.162449 0.046875 0.066472
1 0.769375 0.182875 0.053646 0.089287
0 0.621823 0.067938 0.022500 0.040317
0 0.966458 0.337046 0.069167 0.125352
0 0.546073 0.036419 0.030375 0.069135
