0 0.663776 0.482352 0.098802 0.180815
0 0.750104 0.040859 0.031042 0.046222
0 0.613646 0.298583 0.066771 0.110574
0 0.823958 0.616944 0.121250 0.228148
0 0.795859 0.042708 0.033490 0.042524
0 0.776953 0.068221 0.034740 0.046220
1 0.620313 0.190981 0.045104 0.096519
0 0.804193 0.090406 0.036823 0.053615
0 0.613672 0.123315 0.039323 0.048444
0 0.867734 0.099466 0.047448 0.061383
0 0.763099 0.121464 0.047031 0.067665
0 0.539193 0.072290 0.028490 0.051402
1 0.594115 0.064523 0.032604 0.063972
0 0.661068 0.094472 0.036823 0.055833
1 0.907344 0.180995 0.074271 0.110565
0 0.500312 0.195421 0.072188 0.068417
0 0.467854 0.438157 0.160375 0.430685
