0 0.679193 0.604991 0.119010 0.229870
0 0.745052 0.037902 0.030313 0.041293
0 0.620651 0.349481 0.078281 0.129037
0 0.862917 0.854306 0.163125 0.263611
0 0.784505 0.037778 0.030156 0.042525
0 0.768906 0.062428 0.034167 0.043019
1 0.623802 0.217731 0.047917 0.110574
0 0.793281 0.080547 0.037500 0.051646
0 0.619089 0.144514 0.042344 0.060769
0 0.847656 0.083628 0.045000 0.054356
0 0.743099 0.099773 0.043073 0.058546
0 0.537318 0.078946 0.030573 0.053867
1 0.597161 0.076110 0.033490 0.070872
0 0.672318 0.118015 0.040156 0.067915
1 0.878932 0.155116 0.067031 0.101694
0 0.509813 0.204046 0.064542 0.072352
0 0.572839 0.053801 0.025573 0.047454
0 0.969219 0.267361 0.063646 0.105759
0 0.462021 0.464435 0.170479 0.458352
