0 0.679167 0.705120 0.152292 0.289685
1 0.604349 0.388935 0.071302 0.191426
0 0.766536 0.404065 0.101927 0.160648
0 0.621797 0.201028 0.051094 0.087537
0 0.794297 0.034275 0.033073 0.041871
0 0.737839 0.032480 0.028906 0.040844
0 0.747995 0.053387 0.033073 0.048800
0 0.760833 0.081094 0.033958 0.054443
0 0.551823 0.307620 0.073333 0.116019
0 0.822682 0.117137 0.049115 0.064448
0 0.669349 0.133810 0.042344 0.075213
0 0.601693 0.088276 0.033073 0.051874
0 0.883984 0.148690 0.058594 0.082398
0 0.793437 0.157412 0.055313 0.078806
0 0.884505 0.096869 0.047552 0.058800
0 0.598776 0.050309 0.027031 0.041100
0 0.642708 0.045434 0.028021 0.044180
0 0.964766 0.341694 0.072552 0.120870
0 0.538964 0.100481 0.056594 0.140122
