0 0.752135 0.013051 0.019958 0.022398
0 0.679187 0.019868 0.016167 0.036031
0 0.693312 0.014017 0.016104 0.024330
0 0.698891 0.038347 0.022615 0.035913
0 0.733677 0.051148 0.025604 0.041359
0 0.715583 0.068411 0.027708 0.049004
0 0.575750 0.120198 0.035958 0.056652
0 0.627521 0.094828 0.033563 0.054337
2 0.581906 0.073336 0.036312 0.066502
0 0.854526 0.122052 0.057344 0.060359
0 0.781755 0.132769 0.045990 0.069052
0 0.867323 0.215432 0.058896 0.080987
0 0.387781 0.223769 0.084271 0.073093
0 0.572203 0.036551 0.019844 0.033017
0 0.934240 0.367019 0.097000 0.134148
