0 0.653438 0.505519 0.106146 0.181296
0 0.753906 0.049733 0.027813 0.042770
1 0.633984 0.299685 0.063281 0.132481
0 0.775755 0.066126 0.030677 0.041537
0 0.630391 0.197880 0.049427 0.073833
0 0.814792 0.059102 0.036979 0.046222
0 0.714948 0.066125 0.034479 0.050413
0 0.534828 0.101747 0.032219 0.056580
1 0.600573 0.102733 0.036667 0.076793
0 0.706302 0.187778 0.052083 0.085667
1 0.833359 0.115428 0.053594 0.086404
0 0.531031 0.231907 0.057625 0.082222
0 0.576849 0.075985 0.026094 0.052381
0 0.907813 0.197519 0.073021 0.084444
0 0.649505 0.068222 0.035052 0.058056
0 0.458964 0.477759 0.176594 0.465259
