0 0.666146 0.496648 0.100729 0.185741
0 0.749557 0.039873 0.030990 0.046221
0 0.615052 0.304250 0.067917 0.113019
0 0.828802 0.645537 0.124896 0.236037
0 0.794193 0.040982 0.032969 0.042031
0 0.775417 0.066250 0.035000 0.045237
1 0.621146 0.194931 0.045104 0.099472
0 0.802786 0.088929 0.036823 0.054606
0 0.614766 0.125042 0.039323 0.047954
0 0.864870 0.096631 0.046719 0.060644
0 0.760130 0.118016 0.046615 0.066191
0 0.539766 0.074506 0.028490 0.052878
1 0.594401 0.066496 0.032656 0.063970
0 0.662474 0.097679 0.037969 0.056328
1 0.903177 0.177296 0.072604 0.109074
0 0.502104 0.196403 0.071312 0.068417
0 0.467187 0.441917 0.162146 0.433463
