0 0.737370 0.834954 0.197135 0.333796
0 0.621745 0.294861 0.067448 0.117426
0 0.814349 0.454981 0.109323 0.166444
1 0.606641 0.193491 0.047240 0.103500
0 0.797031 0.051330 0.032708 0.043067
0 0.665547 0.172051 0.056927 0.073417
0 0.751615 0.063583 0.033333 0.050863
0 0.610078 0.115103 0.035990 0.059220
0 0.856094 0.089621 0.048333 0.051702
0 0.815365 0.109533 0.043021 0.055322
0 0.825000 0.142116 0.052292 0.072028
0 0.849349 0.246398 0.069948 0.103500
0 0.493620 0.213546 0.073698 0.084574
0 0.941380 0.241944 0.078594 0.100704
0 0.637109 0.051887 0.027344 0.046407
