0 0.647474 0.350907 0.075990 0.139074
0 0.578516 0.281139 0.059531 0.104056
1 0.618411 0.217694 0.051406 0.108093
0 0.848073 0.601259 0.144479 0.239000
0 0.558021 0.193000 0.052708 0.080519
0 0.765859 0.332250 0.096302 0.166093
0 0.609219 0.149366 0.049167 0.075935
1 0.693177 0.166014 0.049167 0.102343
0 0.789453 0.066674 0.034323 0.050659
0 0.654089 0.120937 0.038177 0.071904
0 0.854688 0.085623 0.044687 0.055254
0 0.819167 0.122946 0.049792 0.062144
0 0.657656 0.088781 0.034271 0.043196
0 0.596120 0.060644 0.032031 0.048937
0 0.934948 0.221144 0.072708 0.086269
0 0.458740 0.583833 0.219708 0.666741
