0 0.582760 0.154769 0.032604 0.060630
0 0.601146 0.293926 0.057917 0.096630
0 0.327979 0.303435 0.077229 0.100056
0 0.705573 0.078000 0.020417 0.037241
0 0.726823 0.096143 0.027500 0.042937
0 0.736849 0.068102 0.025365 0.035441
0 0.759635 0.121032 0.034479 0.050731
0 0.795130 0.147574 0.043073 0.054037
0 0.567422 0.078000 0.024844 0.037241
0 0.765937 0.197958 0.054167 0.072639
0 0.838750 0.187764 0.053646 0.070843
0 0.916510 0.297667 0.076979 0.104704
0 0.602318 0.050109 0.018385 0.033641
0 0.583776 0.036314 0.016406 0.030643
0 0.557292 0.044260 0.016042 0.029143
