0 0.636172 0.796630 0.133802 0.246704
0 0.730859 0.061805 0.023802 0.037239
0 0.760885 0.062554 0.025833 0.035141
0 0.625859 0.279972 0.057344 0.101722
0 0.701771 0.072901 0.024687 0.042039
0 0.772943 0.081899 0.027344 0.041443
0 0.751615 0.106790 0.034583 0.052235
0 0.631589 0.101690 0.027656 0.047435
0 0.575937 0.059706 0.020625 0.031841
0 0.569870 0.097040 0.025677 0.041735
0 0.812526 0.165421 0.052135 0.066343
0 0.838229 0.225995 0.060417 0.098120
0 0.934661 0.206810 0.061615 0.078935
0 0.982630 0.336509 0.036823 0.119426
0 0.982969 0.336204 0.036146 0.123000
