0 0.652656 0.383639 0.079896 0.149426
0 0.584036 0.303546 0.066615 0.112093
1 0.621016 0.225731 0.054010 0.119574
0 0.890182 0.744306 0.174531 0.303167
0 0.559948 0.207366 0.055313 0.079380
0 0.788151 0.388519 0.108594 0.191333
0 0.610833 0.157977 0.048542 0.074787
1 0.700286 0.186685 0.053073 0.111519
0 0.785234 0.066100 0.032344 0.051807
0 0.660885 0.135296 0.041458 0.070759
0 0.845990 0.082752 0.042708 0.058700
0 0.808177 0.117205 0.047188 0.062146
0 0.659583 0.100265 0.035625 0.045489
0 0.596432 0.073280 0.031406 0.048941
0 0.913646 0.206787 0.067604 0.082833
0 0.959609 0.376648 0.082865 0.145889
0 0.459635 0.579102 0.217042 0.668315
