1 0.749974 0.814065 0.186302 0.375574
0 0.647604 0.540324 0.109479 0.195685
0 0.645182 0.339130 0.085156 0.163667
0 0.945156 0.802444 0.111771 0.351778
0 0.806432 0.428528 0.110990 0.165870
0 0.611406 0.192102 0.048958 0.089574
0 0.776120 0.058988 0.037865 0.056713
0 0.811849 0.047710 0.032865 0.048080
0 0.707682 0.189870 0.053490 0.086222
1 0.588542 0.124153 0.035208 0.085120
0 0.838073 0.088506 0.043646 0.062283
0 0.620208 0.101593 0.035521 0.063389
0 0.801276 0.126934 0.049323 0.077317
0 0.601953 0.056064 0.030365 0.048635
0 0.942344 0.157565 0.065104 0.074537
0 0.960417 0.230699 0.081250 0.097639
0 0.956094 0.321204 0.089896 0.126852
0 0.385406 0.767444 0.363708 0.437815
