0 0.727240 0.053557 0.021250 0.032741
0 0.749036 0.057606 0.021510 0.028543
0 0.674505 0.466222 0.094323 0.156889
0 0.698984 0.068103 0.026823 0.044435
0 0.761146 0.072598 0.027708 0.044433
0 0.732995 0.092996 0.031406 0.051637
0 0.638021 0.129278 0.032083 0.058833
0 0.571797 0.079200 0.024531 0.043841
0 0.566302 0.128380 0.029375 0.057037
0 0.776094 0.134380 0.039688 0.052833
0 0.807266 0.182208 0.051823 0.079509
0 0.868594 0.158819 0.050312 0.065731
0 0.951615 0.133630 0.051667 0.057333
0 0.915677 0.252083 0.081979 0.113130
