0 0.702552 0.640037 0.135729 0.249926
0 0.641510 0.432444 0.102813 0.162074
1 0.645859 0.280000 0.072760 0.153444
0 0.580469 0.247269 0.058229 0.094870
0 0.623594 0.180944 0.055313 0.093148
1 0.768437 0.308426 0.083437 0.179296
0 0.711276 0.195583 0.060156 0.098315
0 0.808099 0.031006 0.035990 0.058309
0 0.768021 0.052108 0.037500 0.049794
0 0.690443 0.143046 0.049531 0.069037
0 0.606120 0.096531 0.037865 0.065585
0 0.834349 0.107826 0.047656 0.057570
0 0.851458 0.177796 0.065937 0.096444
0 0.912318 0.149292 0.053490 0.073120
0 0.655078 0.055190 0.029115 0.051809
1 0.579479 0.047438 0.027187 0.056976
0 0.972083 0.243093 0.056979 0.100704
0 0.604740 0.034616 0.027292 0.043317
0 0.457745 0.614852 0.234156 0.738259
