0 0.497651 0.258833 0.077615 0.083407
0 0.567995 0.039313 0.018594 0.030641
0 0.573568 0.075599 0.024323 0.039635
1 0.609818 0.122684 0.046927 0.088224
0 0.570026 0.172167 0.038802 0.066037
0 0.647135 0.171264 0.040521 0.066620
0 0.798932 0.226745 0.062760 0.087620
0 0.893568 0.240241 0.071927 0.093037
0 0.800964 0.157176 0.043906 0.061241
0 0.823568 0.122082 0.041198 0.059428
0 0.742760 0.114285 0.037500 0.064226
0 0.698750 0.067803 0.025000 0.046835
0 0.717109 0.055206 0.024010 0.036039
0 0.686771 0.049808 0.021979 0.032443
