0 0.586719 0.465167 0.068854 0.144593
0 0.572891 0.092094 0.022969 0.041441
0 0.579479 0.162273 0.036146 0.060639
1 0.739219 0.387194 0.105938 0.233389
0 0.477073 0.261231 0.107312 0.088204
0 0.760495 0.911176 0.162656 0.181352
0 0.720495 0.115783 0.032760 0.055230
0 0.765703 0.137977 0.038177 0.055231
0 0.720990 0.089994 0.027708 0.033641
0 0.762839 0.090895 0.029740 0.043839
0 0.714427 0.073500 0.023333 0.040237
0 0.682031 0.061504 0.021250 0.033041
0 0.705313 0.048908 0.017917 0.030643
0 0.821380 0.190463 0.048281 0.065444
0 0.898125 0.248343 0.067500 0.082833
0 0.560755 0.048009 0.018906 0.032441
0 0.964922 0.473556 0.072240 0.136222
