0 0.638359 0.448111 0.086406 0.156963
0 0.818307 0.841620 0.211719 0.292315
0 0.764167 0.060771 0.035729 0.043313
0 0.744036 0.306815 0.079010 0.118407
0 0.623021 0.194639 0.051562 0.084574
0 0.797344 0.079545 0.040625 0.057391
0 0.705651 0.040139 0.027552 0.047030
0 0.793490 0.033000 0.030521 0.039403
0 0.603594 0.131472 0.038437 0.063852
0 0.693724 0.170398 0.049010 0.075204
0 0.730781 0.084536 0.036875 0.051335
0 0.878073 0.105169 0.044583 0.057791
0 0.867083 0.158370 0.058229 0.070704
1 0.600208 0.082286 0.028542 0.053483
0 0.907995 0.209898 0.057552 0.085759
0 0.596068 0.053633 0.023594 0.038033
0 0.976901 0.285111 0.048281 0.107407
0 0.517297 0.223942 0.096823 0.231783
