0 0.696771 0.057189 0.020104 0.032656
0 0.707917 0.064732 0.024063 0.037683
0 0.324568 0.294778 0.076240 0.100333
0 0.732318 0.068190 0.024740 0.024483
0 0.730885 0.042417 0.022604 0.026996
0 0.752474 0.018196 0.017656 0.032689
0 0.753333 0.050274 0.027917 0.027626
0 0.748047 0.089249 0.027240 0.046483
0 0.769792 0.076363 0.023333 0.042089
0 0.622682 0.689287 0.110990 0.226907
0 0.499099 0.203347 0.056177 0.067231
0 0.866042 0.752306 0.147604 0.230981
0 0.733021 0.106537 0.025417 0.049630
0 0.794193 0.103707 0.025469 0.042715
0 0.715339 0.343537 0.078490 0.123815
0 0.779687 0.126338 0.037500 0.054028
1 0.719219 0.122882 0.038854 0.064717
0 0.651354 0.165940 0.039583 0.066602
0 0.847057 0.163116 0.046302 0.077287
0 0.584349 0.046502 0.019427 0.032656
0 0.597214 0.036129 0.014844 0.026998
0 0.899219 0.260556 0.068542 0.089852
0 0.546073 0.072037 0.044375 0.096667
