1 0.670703 0.550991 0.100469 0.239722
0 0.766875 0.042585 0.022917 0.037348
0 0.651667 0.316324 0.067292 0.115019
0 0.528125 0.128491 0.036563 0.064222
1 0.604245 0.159917 0.048177 0.105870
0 0.810495 0.440074 0.106302 0.164296
1 0.785182 0.071797 0.040990 0.068165
0 0.547161 0.289454 0.050260 0.107093
0 0.584687 0.118015 0.030729 0.066433
0 0.827969 0.121097 0.051354 0.068657
0 0.678411 0.130584 0.048177 0.078757
0 0.556406 0.064278 0.026250 0.047700
0 0.942214 0.236583 0.073281 0.102426
0 0.603542 0.039996 0.032083 0.048441
0 0.459964 0.477472 0.176594 0.474944
