0 0.699297 0.872694 0.180573 0.258315
0 0.665469 0.469602 0.109167 0.220722
0 0.916979 0.744722 0.168125 0.304889
0 0.613776 0.231505 0.054635 0.098769
0 0.771667 0.047710 0.032083 0.048635
0 0.788568 0.037685 0.022656 0.041953
0 0.736432 0.274944 0.070573 0.112148
1 0.594036 0.154648 0.041406 0.088741
0 0.817708 0.071101 0.039583 0.055317
0 0.634427 0.131255 0.041458 0.072028
0 0.777292 0.097833 0.037708 0.062000
0 0.606250 0.086138 0.030208 0.055317
0 0.899948 0.126236 0.051771 0.065343
0 0.877891 0.157986 0.062135 0.068694
0 0.882109 0.213958 0.066823 0.093750
