0 0.672214 0.485565 0.105365 0.189056
0 0.610677 0.354361 0.085000 0.136796
1 0.631328 0.245829 0.065677 0.139083
0 0.571094 0.221708 0.055625 0.089694
0 0.894089 0.644028 0.173281 0.342537
0 0.615677 0.160847 0.049167 0.072491
1 0.730651 0.232333 0.067240 0.135074
0 0.687057 0.156542 0.050469 0.084546
0 0.822708 0.047437 0.037500 0.050085
0 0.782344 0.073280 0.042083 0.052385
0 0.673177 0.115196 0.042708 0.059274
0 0.600807 0.080743 0.034948 0.054681
0 0.865026 0.141898 0.054948 0.071333
0 0.890208 0.244106 0.084687 0.118417
0 0.943490 0.199028 0.058854 0.090278
0 0.644583 0.039399 0.028854 0.047791
1 0.575130 0.032285 0.026198 0.060867
0 0.459630 0.581870 0.217927 0.692815
