1 0.437448 0.236139 0.111979 0.094019
0 0.591458 0.300824 0.050208 0.085907
1 0.585807 0.195606 0.032760 0.084417
0 0.638229 0.181352 0.038333 0.058296
0 0.885286 0.296778 0.065365 0.078407
0 0.832500 0.180449 0.040208 0.060102
0 0.780339 0.192454 0.041927 0.057685
0 0.767786 0.173662 0.037865 0.052231
0 0.778568 0.146162 0.033281 0.048065
0 0.737266 0.148356 0.035365 0.042065
1 0.719036 0.123051 0.031198 0.055694
0 0.702604 0.114907 0.027396 0.042870
0 0.896172 0.362370 0.077031 0.107519
0 0.616510 0.138569 0.028750 0.045380
0 0.567734 0.124759 0.026406 0.039981
0 0.946021 0.239741 0.110042 0.212815
