0 0.701510 0.057606 0.022500 0.036039
0 0.714844 0.067803 0.025521 0.037839
0 0.483401 0.214898 0.076115 0.074130
0 0.739219 0.075300 0.025000 0.032441
0 0.762422 0.062354 0.023385 0.025781
0 0.749167 0.052578 0.020521 0.022596
0 0.785599 0.040362 0.024323 0.027343
0 0.778255 0.080099 0.026510 0.048635
0 0.771771 0.107538 0.029687 0.052535
0 0.749323 0.092244 0.023646 0.036939
0 0.603516 0.208454 0.039323 0.080426
0 0.559375 0.117134 0.025000 0.048343
0 0.641458 0.153273 0.036979 0.063028
0 0.746979 0.141278 0.036771 0.055833
0 0.807943 0.146676 0.040677 0.054037
0 0.620208 0.101842 0.029167 0.046539
0 0.844323 0.182208 0.046250 0.072917
1 0.797240 0.217755 0.060729 0.100231
0 0.617839 0.058356 0.023802 0.031543
