0 0.699714 0.053514 0.018802 0.036109
0 0.712318 0.063731 0.025052 0.037911
0 0.449573 0.224870 0.083667 0.080852
0 0.737943 0.071244 0.024531 0.037913
0 0.762526 0.058860 0.023073 0.024846
0 0.741328 0.041682 0.019427 0.023017
0 0.777891 0.030075 0.022656 0.025291
0 0.777396 0.076050 0.025417 0.051733
0 0.765990 0.100692 0.031667 0.049931
0 0.750703 0.085669 0.019635 0.027698
0 0.599792 0.237046 0.044792 0.091981
0 0.554688 0.127699 0.029583 0.058324
0 0.655885 0.184472 0.043438 0.073352
0 0.741380 0.125440 0.034010 0.051417
0 0.799010 0.130699 0.036667 0.043306
0 0.629297 0.117335 0.033490 0.054422
0 0.824792 0.162986 0.048021 0.067028
1 0.771224 0.184769 0.054427 0.090167
0 0.621094 0.065664 0.022812 0.039402
0 0.970026 0.345250 0.062031 0.128167
0 0.546078 0.035926 0.029927 0.068148
