0 0.649167 0.360389 0.079375 0.140815
0 0.581432 0.286741 0.061406 0.104926
1 0.620104 0.221134 0.052917 0.109806
0 0.863568 0.647787 0.156094 0.256241
0 0.559219 0.196875 0.053229 0.079657
0 0.773620 0.349907 0.101198 0.172111
0 0.610182 0.151079 0.047240 0.075917
1 0.696589 0.173333 0.050156 0.108370
0 0.788229 0.063229 0.034792 0.054106
0 0.655573 0.122659 0.040104 0.068459
0 0.851797 0.082179 0.044635 0.055254
0 0.815260 0.118641 0.048854 0.062144
0 0.658646 0.090073 0.036250 0.045780
0 0.597109 0.063659 0.032031 0.049800
0 0.927422 0.212958 0.071302 0.083676
0 0.460073 0.582944 0.215708 0.667333
