0 0.696693 0.060305 0.021615 0.035439
0 0.710547 0.067802 0.021615 0.031241
0 0.854245 0.646898 0.143073 0.228574
0 0.550625 0.176065 0.044583 0.067833
0 0.637161 0.929778 0.148177 0.144148
0 0.736510 0.078900 0.027708 0.041441
0 0.761823 0.075599 0.024271 0.028843
0 0.763359 0.062307 0.019010 0.028441
0 0.817083 0.047743 0.025104 0.032974
0 0.784609 0.093293 0.031406 0.047433
0 0.786120 0.148778 0.043906 0.063630
0 0.761484 0.116087 0.035156 0.047437
0 0.584036 0.143977 0.037135 0.057639
0 0.565964 0.078601 0.021927 0.037243
0 0.614896 0.085196 0.024687 0.043237
0 0.790677 0.223148 0.057708 0.087630
0 0.873307 0.209056 0.059740 0.075037
0 0.591953 0.054007 0.022656 0.037237
0 0.944010 0.276222 0.081042 0.101407
1 0.956146 0.430074 0.089792 0.172778
