0 0.747891 0.017830 0.022240 0.031956
0 0.679557 0.023864 0.021573 0.044024
0 0.692250 0.015320 0.017271 0.026937
0 0.701578 0.041909 0.023510 0.040952
0 0.736755 0.058273 0.025490 0.041243
0 0.721604 0.074348 0.029396 0.049063
0 0.574974 0.107510 0.032031 0.052246
0 0.623203 0.081445 0.030052 0.048776
2 0.580583 0.068122 0.035083 0.063256
0 0.866370 0.126771 0.066698 0.064124
0 0.800458 0.150526 0.052208 0.079763
0 0.904807 0.257259 0.067677 0.092222
0 0.340453 0.222491 0.081031 0.071944
0 0.573115 0.031482 0.021062 0.031684
0 0.287186 0.845120 0.448816 0.313463
