0 0.625521 0.364407 0.080521 0.132778
0 0.612448 0.197306 0.052396 0.084537
0 0.785417 0.452269 0.113438 0.177574
0 0.759740 0.077585 0.036875 0.051811
0 0.547526 0.179222 0.044635 0.075926
1 0.605182 0.136157 0.037865 0.075926
0 0.696745 0.201620 0.056302 0.089722
0 0.815938 0.102565 0.036875 0.060426
0 0.533464 0.124097 0.037865 0.058694
0 0.664766 0.131850 0.050469 0.081096
0 0.571745 0.093947 0.034948 0.067309
1 0.650729 0.081891 0.030104 0.060422
0 0.864844 0.174056 0.059167 0.082815
0 0.611953 0.061219 0.028177 0.053530
0 0.949635 0.165440 0.062083 0.086269
0 0.969115 0.311380 0.063854 0.111056
0 0.632786 0.044855 0.023281 0.041472
0 0.455521 0.583046 0.221271 0.670685
