0 0.584687 0.163319 0.033438 0.059139
0 0.605599 0.324815 0.065156 0.119407
0 0.314068 0.314241 0.073260 0.099704
0 0.708099 0.070802 0.021094 0.037841
0 0.723099 0.085496 0.029531 0.048637
0 0.734245 0.057306 0.023177 0.039039
0 0.754323 0.110537 0.035312 0.051333
0 0.785677 0.132727 0.036979 0.050731
0 0.569505 0.080696 0.023281 0.040237
0 0.750599 0.174569 0.049115 0.066046
0 0.822812 0.166472 0.050104 0.064833
0 0.885547 0.259593 0.066302 0.087333
0 0.604010 0.048309 0.017708 0.034241
0 0.582943 0.036464 0.016719 0.029743
0 0.558646 0.042911 0.018437 0.030641
