1 0.614792 0.667398 0.106667 0.320463
0 0.909219 0.832315 0.183646 0.285000
0 0.629505 0.285296 0.060781 0.108815
0 0.744479 0.052874 0.029167 0.047259
0 0.625182 0.444222 0.108385 0.157296
0 0.789714 0.091739 0.041719 0.057263
0 0.694896 0.205259 0.053854 0.090370
0 0.610260 0.135991 0.039583 0.064185
0 0.834714 0.116364 0.047760 0.064957
0 0.732969 0.093277 0.037396 0.057261
0 0.833646 0.069419 0.037812 0.054181
0 0.600286 0.089815 0.032656 0.048796
0 0.662422 0.100205 0.035677 0.052646
0 0.831250 0.182556 0.062500 0.081889
0 0.932109 0.162157 0.054740 0.073426
0 0.966953 0.264417 0.068177 0.094685
1 0.592292 0.058645 0.026146 0.048028
0 0.531406 0.149861 0.075042 0.172907
