0 0.699557 0.057270 0.019427 0.035207
0 0.712214 0.065534 0.025885 0.036709
0 0.427078 0.233509 0.086740 0.077574
0 0.737344 0.073498 0.023333 0.041219
0 0.760182 0.052789 0.021823 0.025530
0 0.740260 0.041997 0.020104 0.024065
0 0.773438 0.031427 0.022500 0.029198
0 0.776302 0.074247 0.026250 0.054135
0 0.763880 0.099188 0.030469 0.049328
0 0.754740 0.083770 0.019896 0.030144
0 0.599557 0.263870 0.048698 0.096815
0 0.552005 0.136306 0.029948 0.052037
0 0.668125 0.212481 0.047500 0.078778
0 0.737917 0.122329 0.034687 0.054139
0 0.795052 0.125032 0.033021 0.045731
0 0.636432 0.134500 0.036198 0.064056
0 0.814401 0.154935 0.044323 0.069463
1 0.759219 0.167856 0.048542 0.080287
0 0.623073 0.073949 0.025000 0.040317
0 0.944245 0.297222 0.087240 0.120852
0 0.545969 0.038889 0.032375 0.074074
