0 0.687474 0.024919 0.016823 0.017988
0 0.698828 0.042731 0.019531 0.036009
0 0.181510 0.462139 0.111729 0.143500
0 0.727005 0.048388 0.024531 0.021339
0 0.723828 0.028376 0.018594 0.018196
0 0.324828 0.305620 0.064094 0.097648
0 0.726068 0.077933 0.030156 0.039781
0 0.767500 0.059494 0.024583 0.028044
0 0.758594 0.091346 0.028750 0.039363
1 0.678099 0.060646 0.026406 0.045856
0 0.796536 0.077200 0.036302 0.046693
0 0.646276 0.137968 0.039844 0.058435
0 0.597187 0.101927 0.027917 0.049628
0 0.774818 0.120995 0.039010 0.051731
0 0.831979 0.126963 0.049375 0.029722
0 0.834167 0.166991 0.053958 0.063241
0 0.887318 0.132310 0.067135 0.065972
0 0.583802 0.042102 0.020938 0.034752
0 0.611927 0.030472 0.020833 0.034542
0 0.543125 0.039587 0.019271 0.033074
0 0.537521 0.151148 0.070813 0.164815
