0 0.633516 0.344454 0.072135 0.131907
0 0.695807 0.582565 0.140990 0.214241
0 0.776380 0.069084 0.038594 0.047813
0 0.715208 0.244704 0.064062 0.100630
0 0.615625 0.158759 0.044271 0.076185
0 0.815104 0.092159 0.042292 0.061107
0 0.715443 0.058523 0.031302 0.048594
0 0.812292 0.045419 0.036042 0.047420
0 0.602500 0.103113 0.035833 0.054459
0 0.676432 0.124726 0.040469 0.067956
0 0.767865 0.121791 0.046354 0.067956
0 0.902630 0.125704 0.049219 0.065222
0 0.914271 0.197477 0.069062 0.085157
1 0.594635 0.064390 0.025833 0.050550
0 0.948438 0.271204 0.073542 0.100037
0 0.594844 0.040335 0.020729 0.037252
0 0.522687 0.178608 0.087375 0.193265
