0 0.475219 0.251944 0.084042 0.079222
0 0.568333 0.033314 0.019271 0.030642
0 0.572891 0.068402 0.026302 0.043237
1 0.599688 0.113389 0.047604 0.086426
0 0.572370 0.162870 0.041510 0.063037
0 0.639714 0.152972 0.038490 0.064833
0 0.821875 0.255537 0.068854 0.093593
0 0.919036 0.261843 0.080990 0.102611
0 0.815312 0.170069 0.047604 0.066639
0 0.832005 0.125981 0.044531 0.064833
0 0.749505 0.119686 0.037448 0.063035
0 0.702943 0.071101 0.025365 0.045035
0 0.722188 0.055806 0.023333 0.039639
0 0.689271 0.045011 0.022292 0.032441
