0 0.593724 0.542685 0.078490 0.174296
0 0.574219 0.093443 0.022292 0.039337
0 0.581484 0.173213 0.038490 0.065130
1 0.792604 0.521546 0.145937 0.322130
0 0.438698 0.257787 0.115583 0.074722
0 0.715938 0.097644 0.029062 0.050137
0 0.754661 0.120287 0.036302 0.054037
0 0.714688 0.069753 0.020104 0.019546
0 0.755755 0.077550 0.031719 0.041141
0 0.709766 0.058656 0.022448 0.039941
0 0.681615 0.053107 0.021458 0.032441
0 0.804010 0.163620 0.046250 0.058537
0 0.867839 0.216704 0.060573 0.078926
0 0.561823 0.045460 0.020104 0.031543
0 0.921563 0.376093 0.106667 0.118815
0 0.958516 0.294528 0.065156 0.096019
