0 0.603437 0.331407 0.061771 0.112222
0 0.172354 0.514500 0.117146 0.179630
0 0.708021 0.055807 0.022604 0.031241
0 0.737370 0.080400 0.027344 0.044441
0 0.779036 0.073501 0.022969 0.022246
0 0.590938 0.150273 0.034063 0.059435
0 0.708333 0.097794 0.032083 0.051635
0 0.779375 0.101091 0.032396 0.033041
0 0.784089 0.145472 0.042552 0.060630
0 0.620130 0.069902 0.022969 0.039041
0 0.576094 0.045311 0.018542 0.033041
0 0.567812 0.063004 0.020938 0.036041
0 0.919870 0.282231 0.079323 0.093019
0 0.945208 0.397981 0.090104 0.143407
