0 0.686823 0.563370 0.118750 0.218889
0 0.625781 0.396713 0.092604 0.147426
1 0.637396 0.266213 0.070312 0.148278
0 0.575130 0.236500 0.058177 0.092296
0 0.930391 0.816889 0.141302 0.332889
0 0.619479 0.170616 0.050937 0.077657
1 0.750521 0.273972 0.074688 0.155167
0 0.698438 0.177505 0.051875 0.091435
0 0.812786 0.044423 0.037344 0.050946
0 0.772813 0.062942 0.038854 0.051809
0 0.680755 0.134431 0.044635 0.065583
0 0.602500 0.089642 0.037396 0.058698
0 0.845729 0.124528 0.051875 0.063000
0 0.866563 0.206778 0.073229 0.103481
0 0.924219 0.171907 0.051875 0.081963
0 0.648047 0.050022 0.028698 0.050085
1 0.575859 0.044854 0.027656 0.053532
0 0.457911 0.603102 0.227823 0.725796
