0 0.683333 0.714546 0.137917 0.269537
0 0.746797 0.039381 0.025990 0.040306
1 0.649219 0.384731 0.077187 0.170463
0 0.769036 0.053431 0.026406 0.040307
0 0.639870 0.244963 0.057656 0.093556
0 0.797526 0.041230 0.031823 0.041044
0 0.702891 0.044187 0.028073 0.044004
0 0.532750 0.113333 0.033875 0.059537
1 0.603464 0.126271 0.042240 0.091328
0 0.741563 0.269000 0.068854 0.113519
1 0.807917 0.092624 0.047604 0.072844
0 0.538583 0.256426 0.054708 0.092815
0 0.580807 0.092993 0.030156 0.057311
0 0.865938 0.157708 0.062187 0.078769
0 0.661510 0.091885 0.041771 0.062489
0 0.562083 0.046037 0.025208 0.041785
0 0.457911 0.474907 0.184927 0.457556
