0 0.697708 0.069602 0.022292 0.037237
0 0.753724 0.073501 0.027656 0.037839
0 0.722005 0.086696 0.028385 0.046237
0 0.653516 0.172769 0.041198 0.068426
0 0.567500 0.104989 0.029062 0.046837
0 0.569688 0.175769 0.038854 0.067241
0 0.757448 0.114286 0.033750 0.045039
0 0.783255 0.148773 0.042865 0.068435
0 0.820885 0.126278 0.039167 0.055833
0 0.909948 0.113088 0.040521 0.048639
0 0.848359 0.191662 0.062448 0.091824
0 0.919219 0.377593 0.108333 0.144593
0 0.966120 0.300213 0.069844 0.102611
0 0.567812 0.068103 0.020938 0.024643
0 0.568177 0.039613 0.018229 0.027644
0 0.591094 0.030916 0.016875 0.029443
