0 0.752484 0.012887 0.018531 0.022070
0 0.678245 0.025516 0.015531 0.027746
0 0.693016 0.013669 0.015510 0.023635
0 0.697245 0.039157 0.022844 0.035219
0 0.731594 0.050975 0.025667 0.040431
0 0.713146 0.066963 0.026854 0.047381
0 0.575297 0.126570 0.036406 0.056422
0 0.629349 0.102676 0.034469 0.054859
2 0.583651 0.079042 0.036927 0.069454
0 0.849583 0.121009 0.053437 0.058856
0 0.774760 0.127786 0.043729 0.066850
0 0.855807 0.204942 0.056260 0.079006
0 0.405458 0.227194 0.085021 0.073796
0 0.572323 0.041243 0.020479 0.034522
0 0.913281 0.339889 0.101458 0.126111
0 0.974615 0.292176 0.052854 0.086315
