0 0.695703 0.060306 0.020573 0.037241
0 0.709766 0.068253 0.022135 0.032143
0 0.836823 0.606417 0.131458 0.212389
0 0.552135 0.175620 0.044583 0.066944
0 0.634896 0.888833 0.148646 0.226037
0 0.735260 0.079799 0.028229 0.041439
0 0.761328 0.078299 0.024323 0.028843
0 0.764141 0.063877 0.019115 0.028317
0 0.819792 0.049368 0.024792 0.033324
0 0.785599 0.095544 0.031406 0.048339
0 0.787891 0.151921 0.044427 0.064528
0 0.763516 0.118787 0.036094 0.051037
0 0.581745 0.141278 0.036615 0.057630
0 0.565443 0.077701 0.022969 0.039043
0 0.614141 0.083399 0.025156 0.043239
0 0.794714 0.231241 0.060781 0.089407
0 0.876849 0.213551 0.059740 0.076824
0 0.590938 0.054008 0.021667 0.039039
0 0.955807 0.282981 0.090469 0.102333
1 0.961719 0.451667 0.078646 0.178185
