0 0.702057 0.914306 0.170365 0.175093
1 0.664818 0.491963 0.090885 0.213333
0 0.767578 0.048625 0.025156 0.038087
0 0.649427 0.292296 0.063437 0.108333
0 0.531292 0.122943 0.035125 0.063967
1 0.604297 0.151417 0.046406 0.098722
0 0.785026 0.375861 0.091719 0.142352
1 0.792526 0.079315 0.041823 0.068407
0 0.542953 0.280833 0.053469 0.098741
0 0.584974 0.111114 0.029323 0.061013
0 0.839115 0.133296 0.054271 0.071370
0 0.673359 0.117396 0.045573 0.075059
0 0.557943 0.059717 0.027656 0.046963
0 0.961146 0.255750 0.079792 0.103796
0 0.459969 0.475796 0.175708 0.477111
