0 0.625521 0.335926 0.076250 0.133852
0 0.882578 0.619972 0.148594 0.234093
1 0.610938 0.218139 0.047083 0.112130
0 0.787656 0.043532 0.033958 0.043620
0 0.681432 0.198093 0.060260 0.088741
0 0.737839 0.050217 0.030156 0.040281
0 0.611406 0.127907 0.036771 0.062000
0 0.837917 0.075279 0.042396 0.053646
0 0.795156 0.091986 0.041458 0.050306
0 0.807396 0.121229 0.045208 0.062006
0 0.810677 0.192241 0.057396 0.077037
0 0.506161 0.223986 0.066844 0.083731
0 0.906068 0.208111 0.071510 0.088741
0 0.642422 0.064418 0.029219 0.048635
0 0.593568 0.045204 0.025469 0.043622
0 0.977031 0.270213 0.048021 0.110648
0 0.545740 0.054988 0.044375 0.106272
