0 0.634349 0.387870 0.085156 0.150852
0 0.947188 0.862657 0.107708 0.231537
1 0.613229 0.242227 0.050729 0.121324
0 0.778255 0.030305 0.032656 0.041117
0 0.696562 0.228995 0.065729 0.095417
0 0.725052 0.033647 0.029375 0.044458
0 0.611797 0.143222 0.041302 0.068130
0 0.822396 0.060381 0.041458 0.050583
0 0.777214 0.071936 0.036302 0.043624
0 0.788672 0.096583 0.043177 0.060056
0 0.786953 0.147819 0.046302 0.072306
0 0.516099 0.237213 0.062906 0.093463
0 0.877969 0.172750 0.063229 0.082056
0 0.647526 0.077783 0.032865 0.057544
0 0.594818 0.052444 0.026406 0.046406
0 0.961042 0.229060 0.080000 0.103435
0 0.928281 0.347361 0.098437 0.136759
0 0.976250 0.177241 0.049583 0.079000
0 0.543911 0.061308 0.045823 0.118913
