0 0.610339 0.659046 0.095156 0.218685
0 0.579974 0.096744 0.027344 0.044141
0 0.588333 0.186713 0.040000 0.071130
1 0.870208 0.735981 0.200938 0.444519
0 0.407156 0.263639 0.120979 0.081019
0 0.715339 0.085945 0.028906 0.051331
0 0.751016 0.107541 0.034427 0.054937
0 0.754323 0.067953 0.025833 0.042339
0 0.712318 0.045011 0.021823 0.027044
0 0.683724 0.049509 0.021302 0.030641
0 0.794557 0.143079 0.042552 0.059435
0 0.849453 0.188060 0.055156 0.072028
0 0.565807 0.045461 0.020260 0.033341
0 0.872995 0.308167 0.088073 0.101741
0 0.931458 0.257343 0.076458 0.091833
