0 0.603255 0.323019 0.060781 0.113407
0 0.643229 0.914778 0.158958 0.174148
0 0.179130 0.502657 0.113823 0.171722
0 0.709010 0.055807 0.023333 0.032441
0 0.738880 0.079197 0.026302 0.043235
0 0.780391 0.073800 0.024323 0.025244
0 0.590599 0.145778 0.033385 0.057630
0 0.709531 0.098094 0.032396 0.052237
0 0.780365 0.101693 0.032396 0.034244
0 0.786432 0.145773 0.042552 0.061231
0 0.620443 0.068402 0.024323 0.039637
0 0.576927 0.044111 0.018229 0.034241
0 0.568333 0.060306 0.021250 0.034241
0 0.926120 0.287926 0.080990 0.093630
0 0.947891 0.408481 0.084010 0.144000
