0 0.619740 0.593593 0.097917 0.199333
0 0.043264 0.751537 0.084445 0.250741
0 0.731953 0.065704 0.024010 0.037841
0 0.765859 0.067203 0.025677 0.040839
0 0.612708 0.227352 0.045208 0.082815
0 0.702422 0.078300 0.025677 0.042641
0 0.776328 0.085794 0.027656 0.045633
0 0.758620 0.114286 0.036094 0.054631
0 0.628385 0.090594 0.026042 0.046831
0 0.575573 0.054008 0.018229 0.028843
0 0.569531 0.086997 0.023646 0.042043
0 0.834870 0.187755 0.055052 0.068417
0 0.860000 0.262139 0.072188 0.108019
0 0.970990 0.241454 0.060104 0.093019
0 0.986510 0.146972 0.029062 0.046833
