0 0.696068 0.046817 0.022969 0.028256
0 0.708438 0.057503 0.020833 0.026998
0 0.238469 0.396111 0.096229 0.122556
0 0.736901 0.025540 0.022135 0.028061
0 0.726120 0.038644 0.022240 0.037054
0 0.739557 0.078877 0.029323 0.047117
0 0.750156 0.056874 0.020833 0.035796
0 0.371104 0.268731 0.077417 0.082315
0 0.733880 0.094590 0.029323 0.043339
0 0.783047 0.083275 0.028594 0.043339
0 0.767839 0.109053 0.032135 0.047117
1 0.691458 0.090190 0.030729 0.052139
0 0.751224 0.514528 0.102135 0.174093
0 0.819453 0.105281 0.036406 0.052143
0 0.623229 0.095219 0.027187 0.044598
0 0.596328 0.075104 0.022969 0.039570
0 0.805677 0.159343 0.045625 0.057167
0 0.882760 0.178208 0.054062 0.062213
0 0.899740 0.226611 0.065417 0.076037
0 0.929792 0.151167 0.076042 0.071000
0 0.586094 0.041158 0.019479 0.032024
0 0.608724 0.027329 0.020885 0.029512
0 0.554964 0.114506 0.048156 0.131037
