1 0.615026 0.606213 0.100156 0.287389
0 0.887214 0.758806 0.184844 0.310648
0 0.628880 0.270667 0.056927 0.102667
0 0.749219 0.057106 0.029167 0.046489
0 0.611563 0.414204 0.101875 0.141926
0 0.794245 0.095969 0.043073 0.054950
0 0.691198 0.192560 0.050833 0.086509
0 0.609401 0.129449 0.037865 0.063417
0 0.841641 0.120984 0.047760 0.063420
0 0.740990 0.099819 0.039583 0.058030
0 0.840781 0.073653 0.039167 0.054954
0 0.600521 0.084811 0.031354 0.048026
0 0.659609 0.091741 0.033490 0.052648
0 0.853125 0.201023 0.065521 0.086509
0 0.942292 0.169468 0.056875 0.072657
0 0.975651 0.282611 0.050781 0.109296
1 0.593385 0.054029 0.023958 0.044950
0 0.532073 0.141565 0.069708 0.163426
