0 0.589063 0.190764 0.036458 0.068435
0 0.615391 0.398593 0.074948 0.138593
0 0.294995 0.346259 0.078760 0.110407
0 0.714609 0.063904 0.020260 0.027044
0 0.720677 0.086398 0.026354 0.032444
0 0.733333 0.055807 0.019271 0.032441
0 0.751042 0.105290 0.032396 0.041439
0 0.779375 0.124185 0.032396 0.046833
0 0.574401 0.097194 0.023281 0.043241
0 0.736354 0.153875 0.043542 0.059435
0 0.807187 0.152074 0.043542 0.052241
0 0.851745 0.224954 0.059740 0.086426
0 0.609323 0.055807 0.020313 0.036041
0 0.582005 0.040512 0.018281 0.030643
0 0.561745 0.050409 0.020260 0.032441
