0 0.657005 0.401880 0.082448 0.154315
0 0.587969 0.314454 0.069375 0.117278
1 0.621875 0.230468 0.056771 0.128472
0 0.912865 0.824111 0.176354 0.300111
0 0.562031 0.213245 0.055313 0.081954
0 0.805026 0.426852 0.116823 0.211148
0 0.612187 0.158981 0.050000 0.071630
1 0.705469 0.197745 0.056250 0.118139
0 0.783724 0.060358 0.032552 0.050087
0 0.666198 0.140032 0.042708 0.073343
0 0.840651 0.077155 0.041719 0.056117
0 0.802604 0.109024 0.045104 0.059563
0 0.661380 0.106441 0.036927 0.050952
0 0.597187 0.074571 0.031563 0.049228
0 0.901927 0.194296 0.064479 0.081963
0 0.949818 0.344917 0.102448 0.137574
0 0.973958 0.261454 0.054167 0.090759
0 0.458521 0.574657 0.220375 0.669315
