0 0.638958 0.477935 0.091146 0.167315
0 0.841458 0.881713 0.214896 0.240278
0 0.762083 0.062531 0.034375 0.042922
0 0.750182 0.324806 0.082552 0.125056
0 0.623932 0.206870 0.053177 0.088704
0 0.794427 0.081894 0.040313 0.054657
0 0.704818 0.040530 0.026094 0.045856
0 0.790599 0.036423 0.031406 0.041162
0 0.603828 0.139685 0.039323 0.064630
0 0.697214 0.182519 0.050573 0.076370
0 0.726745 0.082482 0.035052 0.048794
0 0.873464 0.105655 0.044635 0.056413
0 0.860260 0.154940 0.055833 0.068157
1 0.599870 0.088936 0.030052 0.052313
0 0.902005 0.205398 0.056823 0.081056
0 0.597396 0.060185 0.025104 0.035881
0 0.973724 0.271630 0.054635 0.102481
0 0.972865 0.447731 0.056354 0.128907
0 0.513302 0.235003 0.097708 0.242846
