0 0.580313 0.406389 0.066875 0.127815
0 0.575755 0.075299 0.021302 0.036639
0 0.581172 0.142773 0.031406 0.056435
1 0.711562 0.310722 0.087083 0.190778
0 0.508615 0.248037 0.090792 0.082222
0 0.743776 0.679593 0.119844 0.250778
0 0.729089 0.114884 0.035781 0.052231
0 0.778854 0.143375 0.040208 0.060028
0 0.732318 0.090893 0.025990 0.035437
0 0.770938 0.088794 0.031771 0.045635
0 0.720156 0.072000 0.026667 0.043237
0 0.686771 0.057007 0.021979 0.034841
0 0.709193 0.043511 0.021615 0.029441
0 0.841276 0.203958 0.053698 0.073231
0 0.931016 0.269333 0.077969 0.093630
