0 0.678125 0.673148 0.133333 0.248852
0 0.747604 0.038641 0.026042 0.041785
1 0.646120 0.369204 0.075885 0.161593
0 0.769245 0.053431 0.025990 0.041787
0 0.638620 0.236833 0.055990 0.092074
0 0.799193 0.040860 0.032656 0.040306
0 0.704349 0.045296 0.027656 0.046222
0 0.532958 0.110373 0.034292 0.061013
1 0.602839 0.120724 0.040990 0.090589
0 0.736771 0.253102 0.064271 0.106870
1 0.811250 0.093364 0.048438 0.071365
0 0.537958 0.251630 0.055958 0.092074
0 0.579974 0.088928 0.030156 0.059533
0 0.870729 0.161398 0.062604 0.077278
0 0.659427 0.087448 0.040937 0.062493
0 0.562917 0.045297 0.024375 0.040306
0 0.458411 0.474611 0.179927 0.461704
