0 0.698047 0.052808 0.018906 0.034839
0 0.711875 0.063605 0.025000 0.036039
0 0.510823 0.200954 0.066167 0.074426
0 0.737526 0.070501 0.025677 0.035439
0 0.762344 0.066041 0.023646 0.026767
0 0.752188 0.052265 0.020625 0.030770
0 0.790833 0.037214 0.023646 0.026443
0 0.777005 0.070802 0.029740 0.036041
0 0.772448 0.113387 0.035417 0.057633
0 0.748151 0.095692 0.028698 0.048635
0 0.601068 0.179968 0.040885 0.076843
0 0.562266 0.097494 0.024010 0.047439
0 0.630911 0.122685 0.031094 0.057037
0 0.751719 0.152676 0.043229 0.070241
0 0.821536 0.156269 0.046615 0.061833
0 0.608646 0.078598 0.025000 0.039637
0 0.863021 0.197356 0.056042 0.078028
1 0.831172 0.257944 0.075260 0.120000
0 0.610495 0.041112 0.019948 0.030643
