0 0.675651 0.521120 0.118177 0.259167
0 0.613151 0.237917 0.058385 0.099315
0 0.768698 0.037685 0.031771 0.045294
0 0.745990 0.296657 0.077187 0.124389
1 0.595781 0.153255 0.043646 0.091528
0 0.811146 0.062190 0.036458 0.050865
0 0.638047 0.131806 0.047448 0.068685
0 0.769167 0.080567 0.037083 0.060885
0 0.604688 0.086695 0.033333 0.053091
0 0.888672 0.111200 0.053073 0.058656
0 0.860182 0.141278 0.056823 0.066463
0 0.865339 0.188338 0.061510 0.087065
0 0.955182 0.383028 0.091719 0.145093
0 0.461359 0.192514 0.091885 0.078713
