0 0.751797 0.877343 0.188698 0.249019
0 0.677266 0.557778 0.119844 0.209815
1 0.655573 0.334917 0.080104 0.181315
0 0.591823 0.282435 0.066979 0.113944
0 0.624609 0.198523 0.058281 0.092546
1 0.823776 0.433713 0.110365 0.228611
0 0.737578 0.249713 0.069219 0.122352
0 0.791719 0.023556 0.030937 0.043407
0 0.751797 0.038179 0.033490 0.043964
0 0.708802 0.188486 0.058229 0.086731
0 0.607656 0.117219 0.041146 0.067285
0 0.805365 0.084178 0.042188 0.051737
0 0.824505 0.136657 0.055677 0.080241
0 0.890286 0.116894 0.047344 0.066637
0 0.664531 0.079966 0.036771 0.056272
1 0.583047 0.063769 0.028385 0.060161
0 0.934193 0.187514 0.070990 0.084787
0 0.605286 0.048869 0.030573 0.045909
0 0.446187 0.631741 0.248604 0.704481
