0 0.752068 0.013901 0.016719 0.024098
0 0.677099 0.028846 0.016823 0.030352
0 0.692609 0.013090 0.014698 0.022476
0 0.695214 0.040606 0.023302 0.035796
0 0.729005 0.051844 0.026010 0.038113
0 0.710693 0.065514 0.025865 0.045065
0 0.574490 0.133230 0.035104 0.054685
0 0.631469 0.111507 0.034813 0.053407
2 0.586177 0.086138 0.038083 0.074957
0 0.844057 0.119850 0.049531 0.058274
0 0.767510 0.123441 0.041625 0.068004
0 0.845948 0.197414 0.053833 0.080172
0 0.422969 0.232111 0.086479 0.074963
0 0.573063 0.047615 0.021958 0.036841
0 0.888448 0.316861 0.096062 0.118870
0 0.966464 0.285241 0.069156 0.099630
