0 0.689245 0.579454 0.122969 0.224648
0 0.629141 0.403889 0.094219 0.149148
1 0.638516 0.269083 0.070677 0.145981
0 0.576406 0.239083 0.058854 0.094019
0 0.936250 0.836398 0.129583 0.293870
0 0.620260 0.172338 0.051250 0.077657
1 0.754401 0.280861 0.075990 0.159759
0 0.700208 0.181523 0.051562 0.091435
0 0.811641 0.042988 0.037031 0.050373
0 0.770547 0.060644 0.038802 0.050659
0 0.682370 0.137880 0.044635 0.065593
0 0.602995 0.091364 0.037656 0.057550
0 0.842656 0.121368 0.050937 0.061283
0 0.862526 0.199898 0.072240 0.098907
0 0.921146 0.167014 0.050937 0.076787
0 0.648854 0.051744 0.028958 0.050085
1 0.576042 0.046003 0.028021 0.054680
0 0.457745 0.606556 0.229490 0.729963
