0 0.751240 0.014209 0.020438 0.024715
0 0.679568 0.020823 0.018302 0.037943
0 0.693401 0.014017 0.016281 0.024330
0 0.699531 0.038434 0.022708 0.037476
0 0.734469 0.052191 0.025813 0.040663
0 0.717047 0.069280 0.028094 0.049352
0 0.575703 0.116635 0.034115 0.055433
0 0.626693 0.091004 0.032510 0.052252
2 0.581563 0.071164 0.036396 0.067024
0 0.856979 0.122572 0.059687 0.062096
0 0.785719 0.136331 0.047479 0.073393
0 0.875734 0.224380 0.060677 0.084981
0 0.377031 0.223074 0.084458 0.073111
0 0.572698 0.035247 0.020229 0.032843
0 0.943339 0.387009 0.085469 0.139722
