1 0.615807 0.749741 0.117031 0.366630
0 0.630807 0.299019 0.064531 0.112667
0 0.742214 0.044793 0.029323 0.043411
0 0.645104 0.478843 0.118542 0.170648
0 0.786094 0.083529 0.040833 0.054183
0 0.700807 0.216162 0.058490 0.092676
0 0.612917 0.141509 0.041458 0.069574
0 0.827943 0.106359 0.046094 0.063930
0 0.726328 0.079168 0.036823 0.055720
0 0.826927 0.059672 0.035937 0.046489
0 0.602109 0.094559 0.034844 0.052641
0 0.667188 0.106618 0.037396 0.060339
0 0.808021 0.160491 0.058750 0.076759
0 0.922474 0.148435 0.053281 0.070093
0 0.958099 0.237602 0.085885 0.092352
1 0.593307 0.055823 0.025260 0.048028
0 0.973359 0.334759 0.055365 0.115000
0 0.529521 0.159942 0.076375 0.183191
