1 0.615365 0.711657 0.111875 0.345870
0 0.918516 0.864556 0.165052 0.227741
0 0.630833 0.291324 0.063646 0.112685
0 0.742422 0.045947 0.028906 0.045720
0 0.636667 0.461528 0.112917 0.165278
0 0.787839 0.086225 0.040885 0.056494
0 0.697995 0.211157 0.056302 0.090352
0 0.611406 0.138810 0.041042 0.067269
0 0.830755 0.109825 0.047344 0.064702
0 0.728724 0.085708 0.037240 0.058028
0 0.830182 0.063519 0.036406 0.051106
0 0.600599 0.091868 0.033490 0.050339
0 0.664583 0.103538 0.037396 0.055720
0 0.817344 0.168958 0.060937 0.078306
0 0.926120 0.153819 0.053698 0.073176
0 0.961719 0.248861 0.078646 0.091389
1 0.592214 0.056209 0.026615 0.045719
0 0.976693 0.348324 0.048698 0.117944
0 0.530687 0.155497 0.077375 0.179043
