0 0.645234 0.884944 0.147656 0.233815
1 0.593568 0.364611 0.054948 0.141111
0 0.724375 0.403602 0.075938 0.121056
0 0.829948 0.264639 0.051458 0.067019
0 0.781536 0.166616 0.034219 0.043620
0 0.805964 0.193634 0.034219 0.051991
0 0.740964 0.179704 0.036406 0.046407
0 0.741589 0.139884 0.028281 0.041398
0 0.721536 0.160491 0.031406 0.044741
0 0.843099 0.302787 0.062760 0.082056
0 0.645885 0.247648 0.041146 0.067556
0 0.573203 0.218417 0.036094 0.058093
0 0.600443 0.175532 0.029844 0.048083
0 0.532937 0.167171 0.026417 0.042509
0 0.576641 0.151023 0.024219 0.038046
0 0.869521 0.195886 0.103938 0.146043
