0 0.550807 0.316722 0.057031 0.097222
0 0.568672 0.064204 0.019948 0.034841
0 0.573906 0.115184 0.026354 0.045631
1 0.654193 0.188361 0.056719 0.120019
0 0.560729 0.222250 0.049271 0.081019
0 0.688776 0.311917 0.065156 0.105611
0 0.747969 0.159273 0.040521 0.064231
0 0.818177 0.188657 0.051979 0.071426
0 0.757266 0.124782 0.034115 0.051639
0 0.791016 0.115487 0.035469 0.054637
0 0.725547 0.097794 0.030052 0.051635
0 0.688437 0.068402 0.022604 0.039637
0 0.708698 0.056406 0.021979 0.034843
0 0.911120 0.297824 0.073281 0.095426
