0 0.596667 0.260028 0.051667 0.084611
0 0.637656 0.672991 0.121458 0.233944
0 0.227854 0.431296 0.096812 0.140407
0 0.711042 0.063903 0.023333 0.037839
0 0.740911 0.083695 0.028385 0.045035
0 0.780391 0.084599 0.028385 0.025246
0 0.583516 0.120588 0.027344 0.050435
0 0.713073 0.110688 0.035417 0.052235
0 0.782891 0.116083 0.035469 0.045037
0 0.802135 0.162870 0.047604 0.070222
0 0.615417 0.061205 0.022292 0.039639
0 0.576432 0.039612 0.017240 0.028843
0 0.565807 0.054007 0.018281 0.032441
0 0.969661 0.352704 0.062760 0.111630
