0 0.542021 0.292426 0.057729 0.091815
0 0.571875 0.054007 0.018229 0.032441
0 0.576953 0.098993 0.028385 0.043237
1 0.642708 0.161972 0.054688 0.104426
0 0.568828 0.204255 0.042552 0.070231
0 0.674609 0.250139 0.053698 0.090019
0 0.762656 0.176370 0.047604 0.068444
0 0.843125 0.203352 0.058750 0.079222
0 0.774818 0.131380 0.037448 0.054037
0 0.807214 0.114288 0.035469 0.052239
0 0.733333 0.102593 0.029375 0.054037
0 0.694349 0.064804 0.024323 0.032441
0 0.713594 0.054007 0.022292 0.032441
0 0.958021 0.348204 0.086042 0.109815
