0 0.698620 0.058021 0.019323 0.036709
0 0.711641 0.066736 0.027031 0.037309
0 0.417187 0.238926 0.087917 0.078778
0 0.736979 0.074249 0.025729 0.036709
0 0.758073 0.051133 0.021458 0.025322
0 0.738516 0.043255 0.022031 0.026998
0 0.772161 0.032478 0.020990 0.032503
0 0.775859 0.074549 0.026406 0.050531
0 0.761693 0.097087 0.031823 0.046326
0 0.756432 0.082909 0.020156 0.031533
0 0.600078 0.276787 0.051406 0.104019
0 0.549714 0.144565 0.030469 0.054741
0 0.673620 0.228417 0.051719 0.082981
0 0.737344 0.119625 0.033125 0.051731
0 0.793984 0.124736 0.033490 0.047528
0 0.638958 0.144269 0.040625 0.061352
0 0.810703 0.154787 0.044635 0.066759
1 0.754740 0.163495 0.049063 0.079380
0 0.623594 0.080560 0.026042 0.043324
0 0.930052 0.282806 0.086563 0.114833
0 0.545687 0.040123 0.032938 0.076543
