0 0.691302 0.071102 0.019583 0.036641
0 0.705313 0.081897 0.025313 0.039039
0 0.719479 0.336213 0.067187 0.109796
0 0.559063 0.158069 0.031771 0.057028
0 0.584010 0.402491 0.068854 0.133204
0 0.732135 0.092695 0.026354 0.040239
0 0.754219 0.109188 0.029375 0.049235
0 0.773464 0.091193 0.021927 0.034837
0 0.854870 0.070486 0.020365 0.037872
0 0.792865 0.125981 0.041146 0.057630
0 0.807526 0.215352 0.057031 0.085222
0 0.809896 0.160472 0.039479 0.040241
0 0.561250 0.115185 0.027396 0.031241
0 0.560234 0.070502 0.018594 0.034241
0 0.602396 0.066003 0.020625 0.034839
0 0.880234 0.363194 0.092448 0.126611
0 0.957344 0.299324 0.087396 0.090019
