0 0.669531 0.468333 0.101979 0.185593
0 0.607995 0.343167 0.081615 0.135074
1 0.629870 0.241097 0.063698 0.133065
0 0.570130 0.216977 0.054635 0.087120
0 0.876641 0.596389 0.156719 0.309630
0 0.615417 0.156537 0.051562 0.072481
1 0.726302 0.224153 0.066250 0.130769
0 0.684141 0.152231 0.050469 0.084537
0 0.824896 0.050022 0.040000 0.050085
0 0.785000 0.077155 0.042500 0.053246
0 0.670521 0.112181 0.041250 0.060137
0 0.600078 0.079020 0.036406 0.056404
0 0.870365 0.147926 0.055938 0.069611
0 0.897734 0.254870 0.088073 0.117556
0 0.950286 0.206782 0.059844 0.093731
0 0.643385 0.036384 0.028333 0.046929
1 0.574427 0.031424 0.024792 0.059144
0 0.459964 0.580685 0.216594 0.683333
