0 0.637078 0.201219 0.027927 0.045302
0 0.737745 0.183642 0.028823 0.037013
0 0.704073 0.220185 0.034375 0.046889
0 0.239297 0.534463 0.093260 0.128667
0 0.775078 0.222148 0.040823 0.049222
0 0.663411 0.306111 0.042823 0.074926
1 0.754630 0.314204 0.046156 0.091926
0 0.825188 0.218407 0.040604 0.052037
1 0.262078 0.292287 0.064594 0.104167
0 0.808078 0.288333 0.053490 0.077296
0 0.429073 0.260676 0.039042 0.066241
0 0.901188 0.293074 0.051271 0.063074
0 0.728188 0.584037 0.086146 0.145667
1 0.925521 0.696435 0.119042 0.227426
0 0.425964 0.184827 0.027927 0.039383
