0 0.286073 0.938454 0.141042 0.126796
1 0.102708 0.822898 0.203333 0.357907
1 0.249964 0.399944 0.062156 0.108519
1 0.271078 0.555000 0.088823 0.177667
0 0.443297 0.466111 0.068823 0.118407
0 0.338297 0.419685 0.063260 0.096667
0 0.348302 0.276481 0.047708 0.074926
0 0.273297 0.281426 0.046594 0.084815
1 0.659969 0.315000 0.051042 0.104556
0 0.497740 0.280435 0.044375 0.070981
0 0.428302 0.284389 0.041042 0.067037
0 0.381078 0.220185 0.035490 0.057148
0 0.788854 0.410806 0.066604 0.094685
0 0.858297 0.359444 0.069927 0.086778
0 0.516630 0.199442 0.033260 0.063080
1 0.799969 0.647843 0.104375 0.217167
0 0.473297 0.175744 0.026594 0.047291
