1 0.697187 0.205370 0.034375 0.067037
0 0.341630 0.429565 0.072156 0.116426
0 0.762188 0.218204 0.042146 0.061111
0 0.730521 0.287343 0.045479 0.076907
0 0.453297 0.394009 0.059927 0.104574
1 0.665521 0.309074 0.046604 0.096667
0 0.859969 0.245870 0.051042 0.061111
0 0.352745 0.274500 0.043260 0.067037
0 0.280521 0.278463 0.045479 0.067037
0 0.867740 0.341667 0.064375 0.082852
0 0.391073 0.214259 0.031042 0.053222
0 0.361078 0.185614 0.035490 0.055180
0 0.420521 0.174753 0.032146 0.045309
0 0.970521 0.360426 0.061042 0.084815
