0 0.622745 0.180676 0.028594 0.046093
0 0.714964 0.176528 0.029490 0.040167
0 0.692521 0.205373 0.028604 0.044920
0 0.649854 0.218204 0.031708 0.051630
0 0.758188 0.218796 0.037708 0.055185
0 0.634073 0.269370 0.038375 0.063074
0 0.710411 0.242898 0.035490 0.054389
0 0.319630 0.528139 0.081927 0.125500
0 0.673635 0.381167 0.055708 0.095481
0 0.800635 0.433907 0.073708 0.099037
1 0.862187 0.363194 0.059042 0.109315
0 0.884411 0.275889 0.048823 0.068222
0 0.754297 0.636778 0.097490 0.149222
0 0.408297 0.205766 0.034823 0.056765
0 0.361187 0.210704 0.031708 0.048481
0 0.963854 0.377028 0.074375 0.085611
0 0.965411 0.815352 0.071260 0.190296
