0 0.041042 0.739685 0.080000 0.203333
0 0.167745 0.804880 0.155490 0.234944
0 0.420521 0.575741 0.087708 0.148037
0 0.174411 0.519444 0.095490 0.134185
0 0.283854 0.538204 0.089938 0.132222
0 0.633302 0.209318 0.031042 0.055180
0 0.701630 0.228093 0.038823 0.061111
0 0.464964 0.364389 0.049927 0.084815
0 0.664411 0.345611 0.055490 0.102593
0 0.796630 0.267593 0.042156 0.061111
0 0.479964 0.275491 0.039927 0.069019
2 0.406630 0.278463 0.053260 0.138148
0 0.343854 0.273519 0.047708 0.069000
0 0.865521 0.271537 0.048813 0.061111
0 0.343302 0.208333 0.031042 0.041370
0 0.412740 0.200432 0.034375 0.041357
0 0.389964 0.170799 0.026594 0.037402
