0 0.692411 0.188182 0.031490 0.054783
0 0.165073 0.513722 0.095042 0.120370
0 0.372078 0.663241 0.106823 0.173704
0 0.753411 0.198651 0.033927 0.052809
0 0.650188 0.260287 0.039479 0.063870
0 0.803635 0.184627 0.031708 0.045302
0 0.318521 0.475991 0.085479 0.119981
0 0.732297 0.242704 0.037927 0.064259
0 0.199297 0.361611 0.070594 0.087185
1 0.483854 0.296241 0.049479 0.100222
0 0.416188 0.279250 0.045708 0.067833
1 0.719073 0.501463 0.081708 0.179630
0 0.330297 0.217417 0.040156 0.053204
1 0.410078 0.191938 0.030823 0.060717
0 0.457740 0.199247 0.032375 0.046098
