0 0.684854 0.195299 0.027479 0.043735
0 0.632073 0.206954 0.029042 0.051241
0 0.733297 0.184040 0.026156 0.037809
0 0.653630 0.273713 0.036156 0.065463
0 0.420635 0.498907 0.079042 0.128667
0 0.778073 0.245861 0.042375 0.057167
0 0.745854 0.308287 0.047708 0.069796
0 0.831854 0.230463 0.044146 0.054000
0 0.398964 0.292287 0.049927 0.070981
0 0.841854 0.311444 0.056146 0.064259
0 0.704078 0.473611 0.065490 0.109704
1 0.850964 0.514306 0.076156 0.158685
0 0.905635 0.302944 0.055708 0.069407
1 0.359411 0.200234 0.041490 0.063087
0 0.931745 0.459593 0.086156 0.129074
0 0.467521 0.193713 0.031042 0.041352
