0 0.685302 0.189176 0.029708 0.041759
0 0.638854 0.209716 0.033708 0.051235
0 0.700521 0.233028 0.037937 0.052019
0 0.053599 0.663241 0.105115 0.173704
0 0.778073 0.181074 0.031708 0.044519
0 0.767521 0.249417 0.041271 0.060315
0 0.655854 0.319537 0.046812 0.071778
0 0.765854 0.385917 0.067271 0.108130
0 0.680635 0.464139 0.072375 0.117611
0 0.352411 0.211093 0.036823 0.051630
0 0.503854 0.212685 0.033479 0.054000
1 0.408630 0.201028 0.034594 0.063093
0 0.903740 0.427398 0.076375 0.099426
0 0.942521 0.331593 0.065479 0.072963
0 0.944521 0.719148 0.113042 0.173296
0 0.810297 0.866898 0.136594 0.206500
