0 0.208521 0.478944 0.081042 0.113259
0 0.352187 0.769907 0.119938 0.223481
0 0.312854 0.330407 0.052375 0.076111
0 0.447854 0.467694 0.065937 0.112870
1 0.326411 0.445370 0.094156 0.202556
0 0.185630 0.380185 0.065927 0.093519
0 0.637964 0.240722 0.036823 0.054000
0 0.763854 0.222750 0.038375 0.052019
0 0.729187 0.246454 0.037042 0.052019
0 0.404854 0.311444 0.052375 0.079296
0 0.801969 0.199244 0.036375 0.046883
0 0.446521 0.248037 0.035271 0.057556
0 0.498073 0.270361 0.042375 0.060315
0 0.694745 0.432926 0.065490 0.101815
1 0.804521 0.435102 0.082375 0.145648
0 0.887630 0.290111 0.055260 0.071370
1 0.781630 0.786907 0.143260 0.268519
0 0.528964 0.181074 0.029927 0.044519
0 0.479745 0.176531 0.026156 0.041754
