0 0.299521 0.907639 0.137708 0.188426
0 0.633521 0.211497 0.035937 0.061117
0 0.729964 0.180284 0.029260 0.043728
0 0.402188 0.526157 0.075479 0.127870
2 0.216745 0.614259 0.143260 0.346741
0 0.091853 0.596676 0.116149 0.173315
0 0.169969 0.398944 0.069708 0.093111
0 0.304745 0.353519 0.060594 0.082037
0 0.306964 0.263444 0.041490 0.058333
0 0.678073 0.428185 0.061042 0.090741
0 0.819854 0.496333 0.089938 0.118778
0 0.890187 0.386898 0.062604 0.091130
0 0.738297 0.708676 0.109490 0.160278
0 0.469854 0.187593 0.028604 0.045704
