0 0.677187 0.176729 0.027708 0.041357
0 0.641073 0.187590 0.024375 0.039376
0 0.735521 0.188581 0.028813 0.053209
0 0.627740 0.222167 0.031042 0.049259
0 0.689411 0.203395 0.029927 0.047283
0 0.122189 0.901917 0.166601 0.199870
0 0.658854 0.296241 0.044375 0.078889
0 0.751073 0.340676 0.057708 0.080870
1 0.809411 0.293278 0.049927 0.084815
0 0.829411 0.228083 0.038823 0.057167
0 0.699411 0.447343 0.065490 0.104574
0 0.378854 0.241917 0.042146 0.065056
0 0.313302 0.262657 0.037708 0.059130
0 0.872745 0.285370 0.045490 0.065074
0 0.855521 0.530306 0.091042 0.136167
0 0.746630 0.621167 0.099927 0.167778
0 0.426630 0.198454 0.028823 0.041352
0 0.525521 0.195497 0.026604 0.043339
0 0.372187 0.192534 0.035479 0.049265
0 0.956078 0.367352 0.063260 0.078889
0 0.976078 0.537222 0.049927 0.122333
1 0.987187 0.415741 0.027708 0.108519
