0 0.623297 0.204182 0.031490 0.051228
0 0.697411 0.225519 0.040594 0.064667
0 0.639964 0.262065 0.043490 0.072167
0 0.238521 0.333963 0.060604 0.082444
0 0.457078 0.369324 0.055927 0.087574
1 0.318187 0.321324 0.060813 0.102981
0 0.776854 0.250407 0.043937 0.061519
0 0.826187 0.214259 0.039042 0.053222
0 0.767635 0.339093 0.054375 0.082444
0 0.691521 0.375833 0.054146 0.089556
0 0.876521 0.363194 0.069937 0.100611
0 0.688740 0.536824 0.085042 0.132611
0 0.825521 0.480528 0.079479 0.111685
0 0.454964 0.216824 0.033490 0.054389
