0 0.047931 0.742463 0.093778 0.200963
0 0.122077 0.810806 0.169930 0.225463
0 0.081743 0.457426 0.107930 0.126296
0 0.634854 0.185025 0.035479 0.065061
0 0.393521 0.547491 0.087042 0.150796
0 0.308411 0.461759 0.084823 0.133407
0 0.791297 0.227889 0.038156 0.057556
0 0.723297 0.236389 0.037260 0.061111
0 0.276854 0.373861 0.064375 0.102981
0 0.444078 0.364389 0.065927 0.125111
0 0.854411 0.322315 0.062156 0.081259
1 0.849187 0.205769 0.036604 0.077315
0 0.385521 0.219194 0.042604 0.070981
0 0.717521 0.553222 0.083937 0.147222
