0 0.629521 0.180880 0.031042 0.051241
1 0.692745 0.195294 0.033490 0.057154
0 0.736854 0.181469 0.028813 0.041357
0 0.643078 0.249611 0.035927 0.052815
1 0.083521 0.635796 0.112375 0.217556
0 0.671521 0.345417 0.050604 0.081648
0 0.777630 0.232833 0.037927 0.051630
0 0.457630 0.401324 0.058823 0.099426
1 0.421964 0.270361 0.054156 0.124315
0 0.806854 0.364380 0.061708 0.076907
0 0.761521 0.467694 0.064375 0.113648
0 0.858854 0.258704 0.046604 0.065444
0 0.378078 0.256139 0.042823 0.053204
0 0.525411 0.196880 0.029927 0.045315
