0 0.148964 0.528722 0.097927 0.132222
0 0.158188 0.742852 0.135042 0.197815
0 0.601854 0.163296 0.027271 0.038989
0 0.652635 0.161717 0.024375 0.039778
0 0.712745 0.176534 0.033927 0.050450
0 0.619078 0.222750 0.035927 0.059130
0 0.739521 0.214065 0.038604 0.051241
0 0.671297 0.219194 0.035490 0.051241
1 0.635635 0.301176 0.051708 0.080870
0 0.793630 0.207145 0.037490 0.050043
1 0.315406 0.210312 0.046375 0.091931
0 0.681187 0.505815 0.073479 0.112481
0 0.443078 0.209324 0.031927 0.051241
0 0.826188 0.534259 0.091042 0.130630
0 0.916411 0.476778 0.091490 0.109704
1 0.351078 0.178905 0.038594 0.076524
0 0.966297 0.386704 0.069490 0.081259
