0 0.234406 0.886111 0.173708 0.231481
0 0.703745 0.210509 0.034594 0.055981
0 0.214635 0.360435 0.067042 0.093500
0 0.643411 0.215444 0.033490 0.054000
0 0.362521 0.406259 0.067708 0.125111
0 0.764630 0.217620 0.039490 0.053611
0 0.754188 0.317167 0.050604 0.078889
0 0.816854 0.192923 0.041271 0.057154
0 0.680745 0.335741 0.057927 0.080481
0 0.818297 0.415935 0.074823 0.098648
0 0.511740 0.265019 0.041708 0.069407
1 0.886630 0.352139 0.063490 0.105352
0 0.756854 0.655148 0.102146 0.163815
0 0.945073 0.327444 0.063042 0.081259
0 0.474411 0.199053 0.031927 0.048080
0 0.421740 0.196284 0.032375 0.049654
