0 0.018819 0.584630 0.035555 0.126296
0 0.042153 0.957222 0.082222 0.089259
0 0.710521 0.221176 0.036604 0.059130
0 0.651078 0.217222 0.035490 0.055185
0 0.739964 0.269565 0.048823 0.069019
0 0.443297 0.500685 0.079927 0.132222
1 0.790521 0.234009 0.041042 0.069019
0 0.682740 0.360426 0.054375 0.084815
0 0.831630 0.218213 0.038823 0.065056
0 0.424411 0.291296 0.048823 0.072963
0 0.343854 0.295250 0.045479 0.069019
0 0.379964 0.249815 0.039927 0.061111
0 0.342740 0.215250 0.034375 0.047278
0 0.742188 0.560926 0.086604 0.130259
0 0.902740 0.411796 0.081042 0.096667
0 0.946630 0.745611 0.108823 0.179630
0 0.786073 0.895991 0.134375 0.211722
0 0.419964 0.174756 0.028823 0.049265
