0 0.622740 0.181664 0.029042 0.046487
0 0.715521 0.177917 0.029271 0.040574
0 0.692969 0.207349 0.029042 0.045709
0 0.650078 0.220185 0.032594 0.050852
0 0.759521 0.219593 0.037708 0.055185
0 0.634745 0.271741 0.039260 0.063074
0 0.711187 0.244880 0.036604 0.055981
0 0.324745 0.517667 0.080156 0.121148
0 0.674635 0.386111 0.056375 0.095889
0 0.803740 0.440037 0.075042 0.100222
1 0.864969 0.366556 0.059708 0.109704
0 0.887188 0.279046 0.049937 0.069796
0 0.757854 0.650009 0.100146 0.152759
0 0.409411 0.203988 0.033927 0.055580
0 0.362630 0.208926 0.031490 0.048074
0 0.966078 0.382352 0.069927 0.086000
0 0.969521 0.833917 0.063042 0.188722
