0 0.190406 0.534463 0.093708 0.123926
0 0.158078 0.846944 0.152156 0.225852
1 0.641740 0.246259 0.033708 0.069000
0 0.713073 0.243296 0.041708 0.055185
0 0.754521 0.212685 0.036604 0.049259
1 0.360073 0.390056 0.081042 0.174889
0 0.730635 0.291296 0.045708 0.066630
0 0.802740 0.202608 0.037042 0.048080
0 0.811073 0.286750 0.049708 0.061500
0 0.671854 0.412389 0.059708 0.104963
0 0.493297 0.280630 0.043490 0.077704
0 0.441078 0.277861 0.039490 0.066648
0 0.368521 0.265620 0.042813 0.060315
0 0.454969 0.242315 0.035708 0.051630
0 0.417630 0.208136 0.029927 0.047283
0 0.387078 0.195497 0.031927 0.045709
0 0.881411 0.284380 0.052156 0.067833
0 0.529078 0.203988 0.028823 0.050839
0 0.436073 0.471444 0.073042 0.125111
