1 0.644406 0.213269 0.037708 0.094685
0 0.700521 0.212287 0.029937 0.053204
0 0.744406 0.175744 0.031042 0.047291
0 0.196635 0.723889 0.131042 0.207296
0 0.389411 0.628083 0.092156 0.181611
0 0.107189 0.596481 0.109934 0.134185
0 0.268854 0.390065 0.071042 0.092722
0 0.758854 0.340676 0.062146 0.092722
0 0.418302 0.279444 0.047708 0.096667
0 0.375521 0.240926 0.039938 0.047296
0 0.499964 0.260676 0.039927 0.059130
0 0.872188 0.364389 0.064375 0.084815
0 0.737187 0.621176 0.096604 0.159870
0 0.931078 0.312037 0.066594 0.086778
0 0.457187 0.208333 0.034375 0.045296
0 0.919411 0.596481 0.105490 0.153963
0 0.365521 0.190556 0.031042 0.037407
