0 0.638297 0.171984 0.028594 0.044513
0 0.695964 0.193719 0.033260 0.049265
0 0.634188 0.213278 0.030604 0.050444
0 0.752854 0.195692 0.034146 0.050839
0 0.651297 0.270556 0.040823 0.067037
0 0.732073 0.259889 0.043708 0.067815
0 0.336411 0.464926 0.075490 0.114444
0 0.104188 0.460981 0.080375 0.121556
0 0.336188 0.307296 0.053708 0.074926
0 0.463411 0.407046 0.064156 0.104574
0 0.811969 0.199836 0.036375 0.050439
0 0.682969 0.362213 0.051708 0.077315
0 0.257078 0.299593 0.051927 0.071370
0 0.422964 0.283593 0.047260 0.070185
1 0.815521 0.431343 0.069708 0.125500
1 0.742969 0.639935 0.111708 0.198981
0 0.925406 0.416333 0.086375 0.103370
0 0.936078 0.656528 0.129927 0.167389
0 0.471635 0.188386 0.030375 0.052820
0 0.977187 0.365167 0.047708 0.080074
