0 0.262630 0.696630 0.126594 0.235741
0 0.204854 0.475593 0.090146 0.116037
0 0.402964 0.309269 0.056594 0.099426
0 0.474521 0.336333 0.052146 0.109296
0 0.310521 0.254361 0.041937 0.060722
0 0.656745 0.253167 0.044594 0.083630
0 0.633969 0.180086 0.035042 0.063087
0 0.711745 0.187395 0.035490 0.048469
0 0.777854 0.211500 0.041042 0.051630
0 0.744630 0.271935 0.051490 0.065056
0 0.853411 0.229870 0.045927 0.057556
0 0.858521 0.327843 0.057042 0.066241
0 0.700964 0.446157 0.072594 0.104574
0 0.825297 0.454454 0.082156 0.116426
0 0.757521 0.747593 0.123938 0.208852
0 0.943521 0.435296 0.082604 0.106556
