0 0.155964 0.509759 0.098156 0.127481
0 0.625521 0.186407 0.029708 0.043333
0 0.725073 0.175148 0.028375 0.042148
0 0.681745 0.182849 0.028823 0.044117
0 0.298635 0.514704 0.089708 0.144481
0 0.391745 0.363398 0.053260 0.082056
0 0.444521 0.445574 0.070375 0.104963
0 0.657078 0.284574 0.045260 0.070593
1 0.721187 0.273120 0.047708 0.093500
0 0.802411 0.207349 0.036823 0.052820
1 0.682969 0.403102 0.066375 0.121944
0 0.509854 0.249222 0.037479 0.059926
0 0.450521 0.232435 0.033042 0.050056
0 0.857297 0.360231 0.067927 0.086796
1 0.413521 0.193716 0.031479 0.057161
0 0.767635 0.838657 0.133042 0.207685
1 0.932078 0.695648 0.137927 0.223481
