1 0.042042 0.724278 0.082000 0.238889
0 0.140074 0.822657 0.153039 0.211241
0 0.372964 0.681028 0.121490 0.238500
1 0.068630 0.468880 0.098594 0.183981
0 0.638297 0.251000 0.041490 0.063481
0 0.468302 0.393620 0.054375 0.099833
0 0.353635 0.399343 0.067708 0.101019
0 0.800521 0.271148 0.048604 0.062704
0 0.780297 0.393611 0.069927 0.091926
2 0.872297 0.233028 0.059260 0.103389
0 0.455297 0.214259 0.038594 0.054000
0 0.715521 0.536824 0.082604 0.138944
0 0.934188 0.450907 0.088813 0.099037
0 0.824854 0.878759 0.163937 0.203333
0 0.521188 0.172975 0.027708 0.046494
