0 0.358302 0.699204 0.107708 0.185556
0 0.618854 0.184627 0.031042 0.045302
0 0.699964 0.204386 0.035490 0.061117
1 0.291073 0.497713 0.091042 0.157907
1 0.152188 0.380185 0.097708 0.163815
0 0.464406 0.378204 0.057708 0.108519
0 0.643297 0.278463 0.046594 0.067037
0 0.343854 0.277472 0.047708 0.065056
0 0.419411 0.287343 0.045490 0.069019
0 0.501630 0.250806 0.036594 0.059130
0 0.799411 0.209324 0.038823 0.051241
0 0.382188 0.232037 0.037708 0.053222
0 0.431630 0.235991 0.036594 0.053204
0 0.674964 0.431546 0.063260 0.112463
0 0.807187 0.468083 0.081042 0.130241
0 0.512188 0.196484 0.028813 0.053217
