0 0.040042 0.727241 0.078000 0.192667
0 0.714745 0.234213 0.041490 0.065463
0 0.305188 0.496731 0.095271 0.189907
0 0.291745 0.350157 0.059490 0.081648
0 0.454630 0.403889 0.061260 0.092704
0 0.790740 0.248435 0.042375 0.055981
0 0.673635 0.355889 0.054375 0.093889
0 0.845302 0.226315 0.044375 0.059926
0 0.404521 0.312231 0.051271 0.076907
0 0.775406 0.330806 0.050375 0.079278
0 0.294630 0.264037 0.051490 0.063481
1 0.505745 0.218012 0.035927 0.072569
0 0.454969 0.209713 0.034375 0.059130
1 0.836078 0.870259 0.165927 0.224259
