0 0.036042 0.732778 0.070000 0.193444
0 0.696630 0.162901 0.028823 0.041357
0 0.612745 0.198454 0.032156 0.053204
0 0.721078 0.192531 0.033260 0.045309
0 0.657187 0.193521 0.029937 0.047291
1 0.625521 0.257722 0.042146 0.072963
0 0.767188 0.184627 0.032146 0.045302
1 0.277188 0.251787 0.056604 0.112463
0 0.658854 0.398944 0.057708 0.090741
0 0.421635 0.256731 0.041042 0.063093
0 0.764964 0.406852 0.065490 0.102593
0 0.847188 0.383148 0.069937 0.090741
1 0.323302 0.212287 0.044375 0.092722
0 0.899969 0.315991 0.064375 0.070981
0 0.707187 0.659694 0.105479 0.177648
0 0.423854 0.171794 0.027708 0.043339
