0 0.178073 0.714213 0.129042 0.200574
0 0.338078 0.265815 0.042823 0.059926
0 0.399187 0.284583 0.044146 0.062685
0 0.610630 0.177910 0.029260 0.044513
0 0.725745 0.209719 0.038594 0.052820
1 0.789406 0.192926 0.039708 0.058741
0 0.618078 0.234806 0.037490 0.057167
0 0.697964 0.252185 0.040823 0.057963
0 0.781073 0.262454 0.048375 0.072167
0 0.657411 0.372676 0.056156 0.091130
0 0.832854 0.338500 0.064375 0.081259
0 0.759297 0.409222 0.066594 0.091519
1 0.720406 0.677870 0.115042 0.195037
0 0.949411 0.364380 0.069927 0.086389
