0 0.075042 0.910407 0.148000 0.182889
0 0.676411 0.207349 0.033260 0.048080
0 0.460740 0.365565 0.053042 0.087981
0 0.636521 0.256528 0.041479 0.061907
0 0.737964 0.283000 0.050594 0.080074
1 0.406078 0.296630 0.051260 0.085222
1 0.289630 0.251593 0.056594 0.103370
0 0.501073 0.250019 0.036375 0.064667
0 0.696188 0.472231 0.078146 0.114833
0 0.401630 0.203593 0.032156 0.046889
0 0.460745 0.206756 0.032156 0.051635
0 0.518411 0.188979 0.027927 0.044524
0 0.931078 0.348185 0.069260 0.077704
0 0.428187 0.174947 0.025271 0.038587
0 0.464521 0.176534 0.027271 0.038598
