0 0.039042 0.763389 0.076000 0.186741
0 0.619188 0.169618 0.026375 0.041357
0 0.415854 0.532481 0.083271 0.138926
1 0.309745 0.463343 0.100823 0.215574
1 0.331854 0.293074 0.042813 0.079667
1 0.377406 0.354509 0.057042 0.106944
0 0.485521 0.314602 0.045708 0.078500
0 0.407854 0.289519 0.042813 0.066259
0 0.392630 0.219981 0.036823 0.059926
0 0.336078 0.216231 0.036156 0.062685
1 0.697073 0.491204 0.083042 0.172519
0 0.514630 0.214259 0.033260 0.055593
0 0.460297 0.216630 0.033927 0.052407
0 0.415635 0.180873 0.027708 0.040957
