0 0.684745 0.171790 0.029927 0.046494
0 0.629188 0.188185 0.029479 0.049259
0 0.736635 0.172581 0.032375 0.047283
0 0.643745 0.234407 0.032823 0.058741
0 0.715078 0.225917 0.038594 0.059130
0 0.243521 0.647833 0.115042 0.173704
0 0.290078 0.372676 0.064156 0.088759
0 0.412302 0.581870 0.093042 0.159481
0 0.786854 0.174954 0.031042 0.048870
0 0.669187 0.306907 0.045937 0.071778
0 0.181630 0.380380 0.070823 0.092315
0 0.389745 0.351944 0.055490 0.088370
1 0.777188 0.353917 0.056146 0.105759
1 0.705411 0.488037 0.084594 0.155926
0 0.870630 0.340880 0.066594 0.089167
0 0.858302 0.499491 0.090375 0.126685
0 0.454521 0.221176 0.035271 0.059130
0 0.916964 0.292676 0.056156 0.077315
0 0.521188 0.191938 0.033479 0.053606
