1 0.638854 0.191938 0.028813 0.063087
1 0.212411 0.469667 0.079927 0.159481
0 0.136298 0.731000 0.140153 0.204111
0 0.319745 0.468083 0.076823 0.115241
0 0.451630 0.414944 0.073490 0.125111
1 0.207745 0.323694 0.063490 0.121167
0 0.656969 0.323093 0.049042 0.078889
0 0.497745 0.280833 0.042594 0.067037
0 0.413854 0.281222 0.044604 0.063889
0 0.864406 0.362602 0.063042 0.080463
0 0.869188 0.594111 0.106813 0.145259
2 0.950854 0.303741 0.074604 0.126296
0 0.473406 0.171003 0.030375 0.047291
0 0.802521 0.897324 0.145042 0.159093
