0 0.131630 0.821269 0.171260 0.278796
0 0.325187 0.497130 0.074812 0.120370
0 0.370635 0.705130 0.116375 0.195037
0 0.644740 0.228093 0.038375 0.061111
1 0.695073 0.217620 0.039042 0.077315
0 0.768521 0.171000 0.030375 0.040963
1 0.658411 0.306509 0.050594 0.097056
0 0.490854 0.323694 0.047938 0.078500
0 0.421969 0.283389 0.040375 0.063481
0 0.803411 0.284185 0.051260 0.069000
1 0.386073 0.226306 0.037042 0.068611
0 0.699854 0.528731 0.080146 0.129056
1 0.808406 0.443787 0.084375 0.137759
1 0.471745 0.187000 0.026594 0.049259
