0 0.617740 0.207345 0.031042 0.051235
0 0.133853 0.810806 0.152149 0.219130
0 0.671078 0.199442 0.033260 0.051228
0 0.727740 0.210306 0.037708 0.053204
1 0.067708 0.450315 0.133333 0.209259
0 0.764964 0.178704 0.032156 0.049259
0 0.629969 0.268583 0.044375 0.070981
0 0.352740 0.261667 0.041042 0.061111
0 0.289969 0.269574 0.044375 0.061111
0 0.826078 0.293269 0.049927 0.069019
0 0.763302 0.406852 0.064375 0.090741
0 0.436078 0.217222 0.036594 0.059148
0 0.498297 0.211296 0.029927 0.051222
0 0.455521 0.180682 0.031042 0.049265
