0 0.676854 0.186803 0.030146 0.042543
0 0.639521 0.218602 0.033271 0.052426
0 0.116519 0.579889 0.113482 0.172926
0 0.721635 0.180877 0.029042 0.054394
0 0.707854 0.242704 0.039708 0.061111
0 0.650297 0.252583 0.039260 0.065056
0 0.307521 0.426407 0.067479 0.100630
0 0.459964 0.428185 0.060823 0.103370
0 0.134521 0.432926 0.087708 0.120778
0 0.786073 0.250806 0.039708 0.049648
1 0.782521 0.191544 0.036604 0.056765
0 0.659635 0.351944 0.051708 0.086000
0 0.818521 0.309074 0.055271 0.072963
1 0.497411 0.244287 0.038823 0.076907
0 0.464630 0.206558 0.029260 0.047291
0 0.809406 0.497324 0.087708 0.153944
1 0.414521 0.199645 0.028604 0.056376
