0 0.642188 0.187000 0.027479 0.049259
0 0.687635 0.202405 0.029042 0.047672
0 0.633188 0.216037 0.030812 0.054407
0 0.737969 0.191148 0.028375 0.038593
0 0.656078 0.281602 0.036156 0.074167
0 0.431635 0.462157 0.069042 0.120759
0 0.784078 0.257120 0.043260 0.059130
0 0.753187 0.323491 0.049042 0.072574
0 0.841302 0.241519 0.045708 0.057963
0 0.408964 0.278852 0.047260 0.068630
0 0.851745 0.329417 0.059490 0.072574
0 0.711854 0.509370 0.068604 0.119593
1 0.868521 0.554796 0.081042 0.167778
0 0.917297 0.317370 0.058594 0.072185
1 0.367411 0.193719 0.038823 0.063487
0 0.948187 0.490796 0.080375 0.132222
0 0.470630 0.188380 0.028823 0.040167
