0 0.274854 0.927398 0.135937 0.148907
0 0.613964 0.162704 0.026594 0.041752
0 0.690073 0.179889 0.034375 0.056370
1 0.210635 0.646259 0.127042 0.220333
1 0.074189 0.454852 0.114601 0.201741
0 0.441969 0.451093 0.071042 0.133407
0 0.635188 0.237176 0.040146 0.057167
0 0.312745 0.314407 0.054823 0.073370
0 0.397745 0.328426 0.052823 0.077704
0 0.494187 0.280630 0.040813 0.066630
0 0.773964 0.181271 0.032823 0.048865
0 0.358964 0.259296 0.041927 0.058741
0 0.415854 0.265611 0.039271 0.063481
0 0.656964 0.351935 0.056156 0.093907
0 0.769854 0.388083 0.064604 0.099833
0 0.505964 0.212481 0.030156 0.051222
0 0.781188 0.842407 0.154375 0.257074
0 0.960964 0.516287 0.080156 0.117611
0 0.502630 0.175345 0.026156 0.041754
2 0.459964 0.167046 0.033260 0.085204
