1 0.604411 0.174558 0.029260 0.049661
1 0.038375 0.506611 0.074667 0.217556
0 0.623411 0.234602 0.034823 0.055981
0 0.256188 0.575741 0.095937 0.136185
0 0.682745 0.226111 0.035260 0.059519
0 0.743302 0.233028 0.039042 0.056759
1 0.157302 0.366157 0.093708 0.156315
0 0.784078 0.197868 0.037927 0.045709
0 0.637411 0.308676 0.048594 0.079278
0 0.372302 0.237963 0.037042 0.053222
0 0.318521 0.240130 0.038375 0.055185
0 0.863073 0.342463 0.061708 0.078889
0 0.805521 0.508778 0.079937 0.111296
0 0.447630 0.196676 0.033927 0.054389
0 0.502297 0.193120 0.027260 0.049648
