0 0.625187 0.186799 0.026375 0.043328
0 0.643188 0.235000 0.033042 0.052815
1 0.260078 0.558167 0.126823 0.266148
0 0.740521 0.235398 0.037042 0.051241
0 0.712521 0.273722 0.039708 0.059926
0 0.778411 0.184632 0.026156 0.034254
0 0.168411 0.518648 0.092823 0.121556
0 0.486854 0.332981 0.048375 0.074148
0 0.690411 0.450704 0.067490 0.104185
0 0.854521 0.543148 0.101938 0.150000
0 0.868964 0.379593 0.065490 0.079667
0 0.392969 0.231639 0.031708 0.047685
0 0.730745 0.613870 0.089927 0.145259
0 0.945964 0.354509 0.070156 0.072167
0 0.528188 0.181275 0.023938 0.036228
