1 0.699187 0.208929 0.033937 0.066254
0 0.348302 0.416139 0.070375 0.111685
0 0.764854 0.222954 0.043042 0.062685
0 0.733635 0.294454 0.046375 0.078500
0 0.457521 0.382157 0.056813 0.098241
1 0.667521 0.316972 0.047938 0.098241
0 0.865521 0.252583 0.051479 0.065056
0 0.357187 0.269370 0.043271 0.066259
0 0.287630 0.271741 0.045490 0.069407
0 0.874187 0.350750 0.065708 0.085204
0 0.393521 0.209917 0.031479 0.052426
0 0.364187 0.182855 0.034604 0.054402
0 0.422302 0.172380 0.030375 0.043722
0 0.974521 0.372278 0.053042 0.084815
