0 0.674188 0.200632 0.031938 0.044920
0 0.453740 0.384926 0.053708 0.089556
0 0.634406 0.245463 0.039042 0.056370
0 0.731969 0.270352 0.048375 0.072963
1 0.397854 0.310852 0.052146 0.089148
1 0.277969 0.262065 0.059042 0.111685
0 0.498188 0.260083 0.038604 0.067426
0 0.687188 0.442407 0.072604 0.106556
0 0.397187 0.210704 0.034813 0.046111
0 0.457630 0.214259 0.032594 0.053222
0 0.516635 0.194701 0.028375 0.046487
0 0.908635 0.326259 0.064375 0.072556
0 0.424521 0.179294 0.026812 0.039376
0 0.461854 0.181864 0.027708 0.038198
0 0.779854 0.891843 0.148604 0.220019
