0 0.631078 0.177716 0.033260 0.051235
0 0.683297 0.188583 0.035490 0.057167
0 0.148298 0.808824 0.152153 0.282352
0 0.419411 0.517463 0.076594 0.138148
0 0.752745 0.211296 0.036594 0.055185
0 0.254406 0.409815 0.064375 0.096667
0 0.677745 0.366361 0.059927 0.092722
0 0.422745 0.271546 0.043260 0.065056
0 0.774406 0.387093 0.064375 0.090741
1 0.491078 0.262648 0.042156 0.078889
0 0.874406 0.268583 0.051042 0.063093
0 0.739411 0.620185 0.096594 0.150000
0 0.887188 0.629074 0.121042 0.159889
0 0.462188 0.206358 0.035479 0.053209
0 0.370521 0.180679 0.029937 0.045309
