0 0.269406 0.610315 0.101042 0.161852
0 0.307740 0.912778 0.137708 0.178148
0 0.637188 0.210306 0.034375 0.053204
1 0.684964 0.200435 0.036594 0.069019
1 0.651078 0.272528 0.046594 0.082833
0 0.476078 0.378213 0.058823 0.092722
0 0.404964 0.321917 0.045490 0.070981
0 0.784406 0.259685 0.044375 0.061111
1 0.369406 0.250806 0.041042 0.074944
0 0.680521 0.446352 0.067708 0.102593
1 0.771630 0.375250 0.069927 0.118389
1 0.462187 0.205373 0.031042 0.059143
1 0.427745 0.182651 0.026594 0.049254
0 0.390521 0.174750 0.025479 0.041352
