0 0.623521 0.215046 0.031938 0.050056
0 0.688521 0.212481 0.036146 0.053593
0 0.741964 0.190756 0.030156 0.045709
0 0.644187 0.268574 0.039042 0.059926
0 0.372969 0.407843 0.065042 0.093500
0 0.723078 0.283593 0.047927 0.072556
0 0.379745 0.253769 0.038156 0.057944
0 0.799188 0.200037 0.033042 0.049259
0 0.301521 0.270759 0.043937 0.063481
0 0.500188 0.273519 0.037708 0.061889
0 0.405302 0.207744 0.032375 0.049661
0 0.515854 0.220185 0.032604 0.050037
1 0.456078 0.209521 0.040594 0.088772
0 0.842187 0.293861 0.055479 0.074944
0 0.361854 0.200831 0.030375 0.046894
0 0.703969 0.540981 0.083042 0.132222
0 0.910297 0.421667 0.079260 0.095074
0 0.969854 0.541370 0.062375 0.118778
