0 0.633745 0.203201 0.031490 0.049265
0 0.721854 0.197864 0.033042 0.044124
0 0.694635 0.223926 0.032375 0.044889
0 0.440854 0.482898 0.069271 0.105352
0 0.664073 0.338898 0.049042 0.075722
0 0.781411 0.390454 0.069927 0.104574
0 0.806969 0.295444 0.050375 0.063074
0 0.341969 0.296435 0.041708 0.061907
0 0.685187 0.426806 0.060146 0.091130
0 0.874521 0.284389 0.050375 0.064667
0 0.519521 0.216037 0.029708 0.046481
0 0.744411 0.609324 0.095490 0.149611
0 0.905411 0.434111 0.077490 0.089148
0 0.902964 0.652972 0.111260 0.150796
0 0.800854 0.901667 0.150146 0.172519
