0 0.619854 0.176926 0.028146 0.043333
0 0.715406 0.173370 0.029042 0.040963
0 0.287521 0.559944 0.091479 0.146444
0 0.679297 0.201219 0.033260 0.061894
1 0.097634 0.617611 0.106378 0.200963
0 0.753854 0.231056 0.037042 0.057556
0 0.300969 0.378806 0.058375 0.082056
0 0.723078 0.280037 0.043490 0.066259
0 0.375854 0.260278 0.039271 0.059926
0 0.673854 0.369917 0.051271 0.080870
0 0.779745 0.405870 0.066156 0.089556
0 0.849630 0.351148 0.057490 0.081259
0 0.454187 0.243093 0.039042 0.063481
0 0.514521 0.237963 0.036146 0.061111
0 0.436521 0.191738 0.028146 0.045302
0 0.891969 0.300778 0.051042 0.066630
0 0.473302 0.207738 0.029708 0.048857
