0 0.158854 0.546111 0.093271 0.132222
0 0.298297 0.932528 0.132156 0.138648
0 0.285521 0.366352 0.062146 0.084815
0 0.423297 0.555981 0.075490 0.132222
1 0.278854 0.534259 0.113271 0.246778
0 0.132187 0.439444 0.077708 0.112481
0 0.634964 0.227102 0.036594 0.059130
0 0.753297 0.212287 0.035490 0.053204
0 0.713854 0.229074 0.036604 0.055185
0 0.387187 0.347593 0.056604 0.090741
0 0.784964 0.184632 0.032156 0.041365
0 0.436635 0.270556 0.037708 0.063074
0 0.488854 0.304139 0.046604 0.074944
0 0.683302 0.384130 0.057708 0.096667
1 0.775521 0.381176 0.068812 0.130241
0 0.861078 0.263639 0.048823 0.065056
1 0.743854 0.636972 0.109938 0.207278
0 0.525521 0.193516 0.031042 0.051228
0 0.474969 0.190558 0.027708 0.041365
0 0.960521 0.517463 0.081042 0.114444
