0 0.644297 0.198065 0.032156 0.050056
0 0.711630 0.224130 0.036156 0.058741
0 0.641745 0.248037 0.036823 0.059926
0 0.097298 0.616231 0.130153 0.194241
0 0.797964 0.170213 0.035927 0.051241
0 0.774854 0.228481 0.040813 0.058741
0 0.664411 0.325667 0.048823 0.077704
0 0.756854 0.308676 0.051937 0.072167
0 0.395187 0.349963 0.056146 0.083630
0 0.225078 0.336139 0.056823 0.085204
0 0.373302 0.258704 0.041708 0.063074
0 0.496521 0.301565 0.045479 0.072167
0 0.849302 0.236185 0.041708 0.059926
0 0.706745 0.453667 0.066823 0.106926
0 0.314188 0.238361 0.042604 0.060315
0 0.448521 0.233028 0.038812 0.061500
1 0.882188 0.563491 0.093271 0.168574
1 0.820406 0.907843 0.171042 0.188019
0 0.978297 0.538806 0.045490 0.112870
