1 0.630964 0.210509 0.028156 0.055981
0 0.687521 0.206553 0.033708 0.046487
0 0.731521 0.185818 0.029271 0.038994
1 0.219187 0.637769 0.152146 0.309204
0 0.702521 0.237769 0.035708 0.052019
0 0.768521 0.172775 0.028146 0.040561
0 0.769073 0.238954 0.037708 0.049648
0 0.650745 0.309472 0.044594 0.076907
0 0.461521 0.387694 0.059479 0.114056
0 0.392302 0.379593 0.054375 0.096259
0 0.300406 0.348185 0.060375 0.080074
0 0.419073 0.318556 0.047042 0.071370
0 0.382964 0.256731 0.038823 0.056759
0 0.360630 0.227889 0.035490 0.049667
0 0.822411 0.230463 0.038594 0.054000
0 0.515745 0.254759 0.034156 0.057556
1 0.469078 0.208139 0.027490 0.058352
0 0.918964 0.322111 0.064156 0.070593
0 0.901854 0.410204 0.076146 0.099037
0 0.750078 0.674907 0.096594 0.153556
0 0.523078 0.207938 0.029260 0.047680
0 0.966411 0.845769 0.069260 0.188722
0 0.319187 0.850500 0.141937 0.242444
