0 0.697188 0.197466 0.036604 0.055180
0 0.131632 0.807833 0.178820 0.327778
0 0.206630 0.463148 0.079927 0.116407
0 0.401635 0.574750 0.087708 0.142093
0 0.761073 0.207345 0.037708 0.051235
0 0.655521 0.282407 0.044375 0.071000
0 0.812187 0.193516 0.035479 0.051228
0 0.344411 0.416731 0.075490 0.106537
0 0.741078 0.261667 0.035490 0.061111
0 0.228854 0.329815 0.064375 0.078889
1 0.493302 0.272528 0.044375 0.098648
0 0.428297 0.258704 0.043260 0.074926
1 0.734406 0.566852 0.097708 0.189519
0 0.345521 0.204380 0.035479 0.053204
1 0.417187 0.187590 0.032146 0.063080
0 0.464964 0.187593 0.029927 0.043333
