0 0.629406 0.171194 0.026375 0.041352
0 0.680964 0.192132 0.032594 0.049254
0 0.732854 0.198657 0.031938 0.046500
0 0.633297 0.249417 0.037260 0.057167
0 0.718302 0.281019 0.046375 0.075333
0 0.650854 0.329815 0.051042 0.086778
0 0.296854 0.277472 0.047479 0.066648
0 0.481297 0.294065 0.043927 0.069019
1 0.365187 0.266602 0.045937 0.080463
0 0.814411 0.311648 0.053260 0.074148
0 0.863635 0.258898 0.045042 0.060315
0 0.816969 0.441815 0.073042 0.104556
0 0.721854 0.503843 0.074375 0.118796
0 0.953964 0.473815 0.094156 0.132222
0 0.749188 0.801519 0.133042 0.221889
0 0.923635 0.722315 0.123708 0.172519
0 0.473745 0.188972 0.027490 0.041352
