0 0.637745 0.223935 0.033260 0.048870
0 0.717521 0.252185 0.044375 0.067444
0 0.742078 0.200432 0.032156 0.046098
0 0.109521 0.596093 0.108375 0.147630
0 0.648521 0.261861 0.033042 0.056759
0 0.796964 0.198651 0.032594 0.050439
0 0.484969 0.339296 0.045042 0.078111
0 0.677854 0.332778 0.049042 0.075333
0 0.790078 0.262259 0.046823 0.059926
0 0.759297 0.352926 0.051927 0.072963
0 0.679854 0.412778 0.059708 0.093111
0 0.854854 0.339296 0.055938 0.076519
0 0.877297 0.268185 0.047490 0.056778
0 0.770745 0.776630 0.116594 0.199000
0 0.513521 0.213861 0.031042 0.047685
0 0.972188 0.577324 0.057708 0.140907
