0 0.144854 0.806648 0.155042 0.256667
0 0.728854 0.175148 0.029708 0.046889
0 0.697854 0.215843 0.035271 0.059537
0 0.344411 0.740278 0.119927 0.206889
1 0.645521 0.219000 0.033708 0.070593
0 0.808630 0.195694 0.039490 0.054796
0 0.258073 0.406259 0.070375 0.099815
0 0.108298 0.461963 0.094820 0.115630
0 0.795854 0.250602 0.044604 0.062685
0 0.333521 0.285565 0.044375 0.066241
0 0.281854 0.267398 0.051708 0.077315
0 0.385521 0.223741 0.036375 0.054778
0 0.879078 0.263444 0.051490 0.068630
0 0.896078 0.415537 0.077490 0.097852
0 0.515745 0.196284 0.030156 0.052024
