0 0.630745 0.210898 0.030823 0.052019
0 0.712411 0.247648 0.037260 0.055185
0 0.738297 0.197864 0.033927 0.048865
0 0.793073 0.180287 0.037708 0.059537
0 0.291969 0.552435 0.088375 0.133796
0 0.383745 0.669176 0.104823 0.186352
0 0.652297 0.287343 0.044156 0.071389
0 0.742188 0.320130 0.053271 0.077704
0 0.268854 0.357667 0.060813 0.086407
0 0.838411 0.238157 0.044823 0.053611
0 0.832406 0.370315 0.057708 0.082444
0 0.699630 0.495935 0.070823 0.111685
0 0.895078 0.676481 0.129260 0.178852
0 0.764854 0.861759 0.139479 0.217556
