1 0.631635 0.194503 0.034375 0.061106
0 0.025486 0.736731 0.048889 0.213204
1 0.153856 0.750556 0.169934 0.339630
0 0.749969 0.195491 0.031042 0.047278
0 0.218302 0.465130 0.087708 0.132222
0 0.248302 0.308083 0.054375 0.070981
0 0.674964 0.413759 0.058823 0.096667
0 0.828854 0.481917 0.075479 0.106537
0 0.873854 0.381176 0.069937 0.086796
0 0.912188 0.290306 0.062146 0.094685
0 0.451635 0.236972 0.034375 0.059130
0 0.507745 0.240926 0.039927 0.059148
0 0.758854 0.730796 0.113271 0.185556
0 0.951630 0.842407 0.098823 0.207296
0 0.404411 0.181669 0.028823 0.047291
