1 0.608078 0.190361 0.033927 0.053611
1 0.134410 0.387296 0.095930 0.170926
0 0.630188 0.269370 0.038604 0.064667
0 0.336635 0.413370 0.067042 0.088778
0 0.700297 0.262259 0.043260 0.068630
0 0.767630 0.265222 0.046823 0.064259
1 0.229745 0.299194 0.073260 0.131426
0 0.810521 0.224139 0.041937 0.052426
0 0.650854 0.370315 0.059042 0.099037
0 0.392188 0.212083 0.033271 0.051241
0 0.346630 0.208136 0.032823 0.047283
0 0.926521 0.421870 0.079708 0.097852
0 0.888078 0.710657 0.120156 0.172130
0 0.458411 0.173173 0.028823 0.048469
0 0.507745 0.172979 0.026156 0.043339
