1 0.067151 0.640926 0.132219 0.231000
0 0.628302 0.213269 0.034375 0.051241
1 0.673297 0.172775 0.035490 0.057154
1 0.341630 0.442407 0.065490 0.134185
1 0.327187 0.308083 0.047708 0.082833
0 0.267745 0.289324 0.048823 0.069019
0 0.732187 0.292287 0.048813 0.074944
0 0.417187 0.308083 0.047708 0.074944
0 0.388854 0.230065 0.035479 0.053204
0 0.814964 0.246852 0.043260 0.063074
1 0.329969 0.223148 0.037708 0.067037
0 0.442188 0.231046 0.039938 0.063093
0 0.684969 0.458213 0.067708 0.110500
0 0.520521 0.181664 0.027708 0.039376
1 0.469964 0.167840 0.035490 0.070987
