0 0.033931 0.776241 0.065778 0.183185
0 0.618745 0.168234 0.025927 0.039383
0 0.413187 0.541769 0.085479 0.142500
1 0.305406 0.471639 0.103708 0.220315
1 0.329521 0.295639 0.043042 0.079278
1 0.374521 0.358454 0.057937 0.107722
0 0.484411 0.318750 0.046156 0.079685
0 0.406406 0.292880 0.043042 0.066648
0 0.391297 0.221565 0.037260 0.061500
0 0.334406 0.218213 0.036375 0.061907
1 0.694630 0.481120 0.082594 0.168167
0 0.513964 0.216241 0.033260 0.056370
0 0.459297 0.218407 0.034156 0.052815
0 0.414740 0.182259 0.027708 0.042148
