0 0.206854 0.474796 0.083479 0.097852
0 0.702406 0.202210 0.032375 0.054394
0 0.390187 0.568824 0.091938 0.158685
0 0.333411 0.424833 0.072156 0.106148
0 0.230969 0.315204 0.069042 0.081259
0 0.656521 0.276481 0.048604 0.094704
0 0.465745 0.326056 0.051490 0.091926
0 0.392854 0.297815 0.053708 0.091519
0 0.800740 0.194306 0.037042 0.054389
0 0.845187 0.306306 0.049937 0.069796
0 0.777188 0.360037 0.061937 0.091926
0 0.343745 0.267194 0.047927 0.076907
0 0.479969 0.241917 0.045708 0.074537
0 0.951964 0.465917 0.098156 0.116426
1 0.948745 0.308481 0.058823 0.098630
