0 0.055818 0.712630 0.109552 0.183185
0 0.343078 0.435296 0.082156 0.149222
0 0.428078 0.510750 0.077927 0.176870
0 0.235078 0.338306 0.059490 0.071389
0 0.647635 0.213868 0.033042 0.065857
0 0.757188 0.186405 0.031708 0.039376
0 0.720521 0.224713 0.041042 0.044093
0 0.815521 0.191343 0.035479 0.041352
0 0.813078 0.268981 0.042156 0.057556
0 0.676073 0.350556 0.053042 0.087185
0 0.775188 0.354500 0.061937 0.084815
0 0.706073 0.516676 0.086375 0.142093
0 0.873411 0.341861 0.062823 0.079278
0 0.969854 0.342852 0.062375 0.084407
