0 0.696630 0.197868 0.032823 0.052820
0 0.180411 0.392037 0.073260 0.103000
0 0.641187 0.202012 0.030812 0.052420
0 0.326964 0.470259 0.080156 0.148815
0 0.756187 0.203392 0.038604 0.050439
0 0.743078 0.291889 0.046156 0.072556
0 0.803521 0.177917 0.035937 0.052426
0 0.673188 0.303343 0.051708 0.075722
0 0.798745 0.375648 0.065927 0.090741
0 0.502854 0.292676 0.045271 0.070981
1 0.861297 0.321315 0.057260 0.094296
0 0.735521 0.568231 0.087938 0.135389
0 0.913073 0.295046 0.057708 0.073352
0 0.466411 0.211692 0.037260 0.054394
0 0.408854 0.208926 0.031479 0.046481
0 0.433745 0.182852 0.029260 0.043333
0 0.389969 0.171392 0.028375 0.040957
