0 0.304297 0.891639 0.137490 0.220426
0 0.160188 0.750750 0.152375 0.261796
0 0.092519 0.618019 0.121482 0.158296
0 0.614073 0.210907 0.030375 0.050444
0 0.055266 0.522213 0.108448 0.130241
0 0.358073 0.422648 0.070375 0.102593
0 0.475964 0.351537 0.054156 0.086000
0 0.405411 0.297222 0.046823 0.070593
0 0.646297 0.314204 0.051260 0.077704
0 0.319078 0.301963 0.056823 0.089556
0 0.486073 0.243296 0.039708 0.059926
0 0.854964 0.364583 0.066823 0.084426
0 0.454854 0.194108 0.033271 0.050043
0 0.935854 0.334361 0.069937 0.087981
0 0.952630 0.867889 0.096823 0.200556
0 0.378745 0.169219 0.029490 0.047672
