0 0.640521 0.220185 0.032146 0.057148
1 0.706630 0.217407 0.033260 0.059519
1 0.047708 0.530315 0.093333 0.215185
0 0.748297 0.203392 0.036594 0.043328
0 0.357188 0.386111 0.056604 0.092704
0 0.821635 0.213269 0.034375 0.051241
0 0.667740 0.343648 0.051042 0.078889
1 0.779964 0.382157 0.062156 0.112463
0 0.378297 0.240926 0.032156 0.051222
0 0.739406 0.562898 0.087708 0.130241
0 0.897745 0.355491 0.066594 0.086796
1 0.514964 0.202410 0.025490 0.065069
0 0.469964 0.192528 0.028823 0.041352
0 0.976078 0.888833 0.049927 0.161852
