1 0.628969 0.189762 0.033042 0.058735
1 0.118856 0.805074 0.175934 0.337259
0 0.745969 0.190157 0.031042 0.046093
0 0.199635 0.491796 0.094375 0.135778
0 0.237969 0.319935 0.055042 0.068611
0 0.671964 0.398944 0.055490 0.090741
0 0.818521 0.462361 0.070813 0.102981
0 0.863187 0.367546 0.068604 0.087981
0 0.902854 0.285565 0.060813 0.089944
0 0.448635 0.243491 0.036375 0.055574
0 0.504745 0.249222 0.039260 0.059148
0 0.746521 0.686944 0.109938 0.178444
0 0.943297 0.792630 0.115490 0.197815
0 0.399745 0.186410 0.028823 0.047291
