0 0.683745 0.191540 0.031927 0.050439
0 0.651302 0.235398 0.035042 0.058352
0 0.295302 0.555000 0.100375 0.155519
0 0.125964 0.591935 0.111927 0.149611
0 0.237297 0.441815 0.079490 0.112481
0 0.238854 0.322111 0.055938 0.075333
0 0.678406 0.329815 0.049708 0.081259
0 0.792188 0.260481 0.049271 0.065852
0 0.786745 0.383741 0.061490 0.094296
0 0.680406 0.435685 0.060375 0.097852
0 0.363635 0.262259 0.043708 0.072556
0 0.906521 0.283389 0.058375 0.082444
0 0.903964 0.414157 0.079927 0.098241
0 0.738969 0.669963 0.101042 0.159481
0 0.915078 0.637963 0.118156 0.153963
0 0.471187 0.200627 0.029479 0.046487
0 0.371073 0.184831 0.028375 0.043339
0 0.433740 0.177127 0.029708 0.046894
