0 0.623521 0.178503 0.023042 0.038587
0 0.640187 0.222750 0.033708 0.051241
1 0.196635 0.677074 0.163042 0.324630
0 0.734406 0.224333 0.035042 0.052815
0 0.705406 0.257713 0.038375 0.062685
0 0.091187 0.628481 0.114375 0.153963
0 0.475630 0.371889 0.053927 0.074556
0 0.680964 0.406454 0.059260 0.087574
0 0.824964 0.479148 0.088156 0.123926
0 0.844521 0.347194 0.056604 0.072574
0 0.379078 0.250009 0.032823 0.051241
0 0.713078 0.539787 0.074156 0.126685
0 0.920406 0.327843 0.059042 0.080463
0 0.526188 0.192926 0.028375 0.039778
0 0.805302 0.856426 0.139042 0.218741
0 0.969521 0.557963 0.063042 0.122741
0 0.976854 0.901472 0.048375 0.146056
