0 0.678521 0.160729 0.031708 0.051235
1 0.056151 0.914954 0.110219 0.173796
0 0.396406 0.622157 0.099042 0.196611
0 0.629073 0.204382 0.033708 0.052420
0 0.258078 0.396778 0.071260 0.099037
0 0.356411 0.413370 0.067927 0.104556
0 0.480411 0.340083 0.047927 0.082056
0 0.321078 0.313028 0.050594 0.072167
0 0.388078 0.322306 0.048594 0.078093
0 0.646297 0.286556 0.044594 0.078481
0 0.739521 0.316583 0.051937 0.088759
0 0.496302 0.248824 0.035708 0.058352
0 0.716073 0.574361 0.097042 0.176870
0 0.885969 0.395991 0.071042 0.095870
0 0.496745 0.199447 0.028156 0.049661
2 0.446411 0.194506 0.037260 0.102987
0 0.403745 0.190553 0.033260 0.050043
