0 0.634521 0.170997 0.024146 0.037006
0 0.722411 0.171197 0.027490 0.042939
0 0.624854 0.201818 0.031479 0.047291
0 0.680188 0.182256 0.026604 0.042931
0 0.652854 0.250407 0.037708 0.065444
0 0.726521 0.290306 0.048146 0.068611
1 0.782630 0.258898 0.042594 0.074537
0 0.802854 0.201818 0.035937 0.049661
0 0.677521 0.364380 0.053708 0.080870
0 0.352297 0.279250 0.046823 0.075722
0 0.261740 0.320139 0.052375 0.074537
0 0.830635 0.243491 0.039042 0.059537
0 0.801302 0.418898 0.073708 0.100611
0 0.707630 0.468083 0.073927 0.129463
0 0.410411 0.227102 0.034156 0.051241
0 0.518297 0.222157 0.031260 0.053204
0 0.342521 0.217815 0.038375 0.056370
0 0.890630 0.301769 0.049260 0.068611
0 0.922187 0.430556 0.077708 0.088370
1 0.930411 0.334750 0.073260 0.097463
0 0.800411 0.878556 0.151927 0.209259
