0 0.625411 0.219991 0.032594 0.048870
0 0.691187 0.219000 0.037479 0.053222
0 0.744964 0.195294 0.030823 0.047672
0 0.645406 0.276676 0.039708 0.061907
0 0.380969 0.389667 0.062375 0.091926
0 0.727078 0.294065 0.050594 0.073759
0 0.384188 0.249019 0.036813 0.056370
0 0.804630 0.206355 0.034156 0.049254
0 0.308078 0.263046 0.042823 0.063093
0 0.501740 0.264824 0.036375 0.060315
0 0.408521 0.205173 0.032604 0.048469
0 0.517188 0.215046 0.030812 0.047685
1 0.459187 0.206358 0.039708 0.086394
0 0.852521 0.304926 0.057479 0.077296
0 0.366297 0.198259 0.030823 0.048074
0 0.710969 0.572389 0.087708 0.140519
0 0.923302 0.437667 0.081708 0.097852
0 0.978964 0.570611 0.044156 0.120370
