0 0.636854 0.198849 0.028375 0.045302
0 0.735521 0.183639 0.028813 0.040167
0 0.702302 0.218213 0.034375 0.046093
0 0.222411 0.558556 0.102156 0.137370
0 0.773073 0.220574 0.040375 0.054000
0 0.662521 0.300185 0.041937 0.071000
1 0.750630 0.306704 0.045260 0.086407
0 0.821187 0.214852 0.039708 0.049667
1 0.254078 0.300185 0.067260 0.107333
0 0.804297 0.280426 0.053927 0.074148
0 0.426187 0.264630 0.039479 0.064667
0 0.895854 0.286750 0.049479 0.063093
0 0.723521 0.561120 0.083042 0.133019
1 0.913297 0.665222 0.119490 0.212407
0 0.423521 0.187197 0.028375 0.039383
