1 0.646745 0.176929 0.036156 0.059143
0 0.700964 0.181669 0.033490 0.047291
0 0.315521 0.818500 0.143042 0.242444
0 0.663521 0.246657 0.045708 0.074537
0 0.281187 0.537019 0.101938 0.165407
0 0.820297 0.178503 0.037927 0.055180
0 0.784745 0.346009 0.071260 0.106537
0 0.740073 0.434306 0.070375 0.117204
1 0.425521 0.229269 0.039938 0.076907
0 0.899969 0.268185 0.059042 0.070185
0 0.958187 0.437861 0.085708 0.133019
0 0.349521 0.194704 0.035937 0.048074
0 0.936964 0.907000 0.128156 0.165000
0 0.118297 0.401324 0.083260 0.118389
