0 0.675740 0.176136 0.032375 0.056765
0 0.054042 0.940435 0.106000 0.122833
0 0.377073 0.650019 0.100375 0.170148
0 0.740411 0.192729 0.034156 0.049654
0 0.197188 0.489222 0.084146 0.114037
0 0.667406 0.329815 0.053042 0.080481
0 0.406854 0.302167 0.047042 0.074148
0 0.754854 0.345019 0.055042 0.082444
1 0.479854 0.298796 0.045937 0.094296
0 0.849745 0.246454 0.046156 0.061500
0 0.714078 0.519444 0.081927 0.119185
0 0.840078 0.526167 0.096156 0.126296
0 0.454302 0.226509 0.037042 0.061907
0 0.355521 0.197071 0.033708 0.046487
