0 0.631188 0.188979 0.027271 0.046894
1 0.695078 0.201419 0.030156 0.055976
0 0.160078 0.544333 0.093490 0.131815
0 0.654969 0.255537 0.038375 0.062296
0 0.783188 0.194898 0.036146 0.055574
1 0.434635 0.456241 0.057708 0.142889
0 0.364073 0.404481 0.063708 0.092333
0 0.743078 0.292880 0.046594 0.071389
0 0.661297 0.347991 0.053260 0.082833
0 0.805854 0.285759 0.044604 0.063481
1 0.427854 0.261278 0.035708 0.082444
0 0.707411 0.508185 0.070823 0.110889
0 0.824521 0.496731 0.089042 0.149611
1 0.923745 0.436685 0.075927 0.125111
1 0.520297 0.192729 0.024156 0.061506
1 0.380302 0.178901 0.027708 0.046494
0 0.967187 0.355491 0.067708 0.079685
