0 0.166741 0.897176 0.167705 0.209352
0 0.137522 0.576333 0.111934 0.135000
0 0.377964 0.365759 0.065260 0.116815
0 0.455630 0.411398 0.064594 0.131426
0 0.276521 0.290306 0.046375 0.058352
0 0.650740 0.232241 0.038375 0.076519
0 0.766521 0.197667 0.035271 0.049259
0 0.732187 0.248231 0.043479 0.062685
0 0.833521 0.208731 0.039479 0.047685
0 0.836187 0.294259 0.050146 0.063889
0 0.685964 0.395000 0.059490 0.096259
0 0.797297 0.401120 0.069260 0.095870
0 0.725406 0.611296 0.099708 0.159074
0 0.906635 0.381769 0.075042 0.091130
