0 0.187187 0.506602 0.089938 0.124315
0 0.325521 0.859204 0.137708 0.256667
0 0.302187 0.344630 0.057708 0.088778
0 0.439411 0.505620 0.072156 0.122352
1 0.307745 0.480926 0.106594 0.223074
0 0.163854 0.403889 0.072146 0.096667
0 0.636635 0.235991 0.037708 0.057167
0 0.759411 0.221167 0.036594 0.055185
0 0.721635 0.236981 0.034375 0.055185
0 0.397740 0.328824 0.057708 0.088759
0 0.794411 0.190553 0.035490 0.045302
0 0.443854 0.256731 0.038812 0.059130
0 0.494964 0.285370 0.043260 0.065074
0 0.689411 0.410806 0.065490 0.098648
1 0.789411 0.409815 0.078823 0.136185
0 0.873854 0.277472 0.054375 0.065056
1 0.761630 0.711046 0.129927 0.236907
0 0.527188 0.186608 0.029937 0.049265
0 0.476630 0.183645 0.028823 0.043339
0 0.973297 0.563889 0.055490 0.132222
