0 0.632078 0.188380 0.023260 0.040167
0 0.681635 0.182852 0.031708 0.052815
1 0.727521 0.174753 0.026604 0.047680
1 0.388964 0.643491 0.084594 0.224278
1 0.043708 0.554796 0.085333 0.172519
0 0.706406 0.237370 0.035042 0.059148
1 0.664406 0.305713 0.059042 0.132611
0 0.737964 0.301176 0.047927 0.073759
0 0.784630 0.238167 0.042156 0.059926
0 0.366302 0.395593 0.061042 0.094296
0 0.466745 0.376824 0.056594 0.091537
0 0.294630 0.356676 0.059927 0.080463
0 0.363302 0.269963 0.048375 0.061111
0 0.843188 0.534852 0.095708 0.138926
0 0.460521 0.206160 0.036604 0.060717
0 0.416297 0.193713 0.031260 0.041352
0 0.519188 0.199247 0.033042 0.050839
