1 0.627187 0.186605 0.032146 0.057161
1 0.093266 0.837713 0.184448 0.328278
0 0.743302 0.186605 0.031042 0.045309
0 0.187188 0.509574 0.098812 0.138148
0 0.231078 0.327833 0.055490 0.067037
0 0.669964 0.389074 0.053260 0.086778
0 0.811635 0.449324 0.067708 0.100611
0 0.856073 0.358454 0.067708 0.088759
0 0.896630 0.282407 0.059927 0.086778
0 0.446635 0.247843 0.037708 0.053204
0 0.502745 0.254750 0.038823 0.059130
0 0.738302 0.657722 0.107708 0.173704
0 0.937745 0.759444 0.126594 0.191481
0 0.396630 0.189565 0.028823 0.047278
