0 0.674969 0.175738 0.027708 0.039376
0 0.632745 0.191544 0.032156 0.047283
0 0.689969 0.210306 0.037708 0.053204
0 0.758302 0.167840 0.027708 0.035431
0 0.747740 0.224139 0.031042 0.053204
0 0.644411 0.280435 0.042156 0.063093
0 0.737187 0.325861 0.054375 0.082833
0 0.663302 0.383148 0.057708 0.094704
0 0.326635 0.238954 0.037708 0.051241
0 0.493854 0.248824 0.036604 0.059130
1 0.391635 0.228083 0.041042 0.069019
0 0.853854 0.363398 0.061042 0.094685
0 0.900521 0.293269 0.049937 0.069019
0 0.870521 0.553028 0.089938 0.134204
0 0.756078 0.642898 0.089927 0.148019
