0 0.134965 0.532278 0.105486 0.132222
0 0.623854 0.181667 0.027708 0.043333
0 0.722740 0.169815 0.027708 0.043333
0 0.677745 0.178701 0.028823 0.045302
0 0.284969 0.543148 0.094375 0.153963
0 0.384411 0.375250 0.053260 0.086796
0 0.437188 0.468093 0.074375 0.114444
0 0.656078 0.271537 0.043260 0.061111
1 0.717187 0.263639 0.047708 0.088759
0 0.797745 0.198460 0.035490 0.049265
1 0.679969 0.387102 0.064375 0.118389
0 0.507188 0.255741 0.038812 0.061111
0 0.447188 0.238954 0.034375 0.051241
0 0.848297 0.346602 0.063260 0.080870
1 0.410521 0.198456 0.032146 0.057161
0 0.753302 0.781176 0.124375 0.199389
1 0.913854 0.645870 0.138812 0.209259
