0 0.632745 0.214259 0.029927 0.053222
0 0.656635 0.281426 0.044375 0.072963
0 0.746078 0.197469 0.029927 0.047283
0 0.374406 0.654750 0.104375 0.171722
1 0.366078 0.371296 0.076594 0.165815
0 0.764411 0.283389 0.048823 0.072963
0 0.733854 0.347593 0.047708 0.082852
0 0.811078 0.216231 0.035490 0.041352
0 0.305521 0.350556 0.057708 0.076926
0 0.510521 0.250806 0.034375 0.051241
0 0.738854 0.655741 0.097708 0.165815
0 0.957187 0.850315 0.087708 0.250741
0 0.960521 0.520426 0.065479 0.120370
0 0.423297 0.186602 0.026594 0.041352
0 0.817740 0.948083 0.131042 0.082833
