0 0.621521 0.194108 0.031042 0.047672
0 0.693411 0.211494 0.038823 0.059531
0 0.637854 0.246259 0.038812 0.064259
0 0.218187 0.350759 0.065271 0.088370
0 0.447740 0.398157 0.060375 0.096278
1 0.302521 0.341278 0.065479 0.114444
0 0.769297 0.236380 0.040823 0.055574
0 0.818635 0.203787 0.037708 0.052019
0 0.757521 0.315194 0.051479 0.077315
0 0.686521 0.350157 0.049937 0.081648
0 0.860411 0.337722 0.062156 0.093111
0 0.680969 0.491204 0.078375 0.118000
0 0.808078 0.438259 0.072156 0.106148
0 0.449740 0.225519 0.033708 0.055185
