0 0.691630 0.191151 0.030823 0.040180
0 0.635411 0.223546 0.033927 0.052019
0 0.741854 0.191938 0.027708 0.039383
1 0.287635 0.530509 0.083708 0.172130
0 0.656969 0.280417 0.039708 0.071796
0 0.719411 0.271537 0.046823 0.070593
1 0.787630 0.255935 0.041490 0.073352
1 0.487854 0.304528 0.040146 0.089167
1 0.292630 0.277472 0.042156 0.074537
0 0.777964 0.396185 0.063927 0.100222
0 0.851854 0.261472 0.044604 0.058352
0 0.822411 0.212287 0.045260 0.059537
1 0.749630 0.647046 0.133490 0.291426
0 0.877521 0.589565 0.099042 0.150389
0 0.918745 0.407843 0.082823 0.097463
0 0.452297 0.223546 0.033927 0.055981
0 0.515188 0.221944 0.034375 0.049630
0 0.403411 0.212676 0.033927 0.047685
