0 0.625297 0.189173 0.028823 0.044913
0 0.681740 0.185614 0.035042 0.045698
0 0.286411 0.374657 0.059927 0.083241
0 0.127078 0.487444 0.091490 0.135778
0 0.434964 0.492185 0.069927 0.120778
0 0.351406 0.280037 0.042375 0.062296
0 0.482297 0.348972 0.048156 0.080870
1 0.391078 0.326065 0.062594 0.135389
0 0.743297 0.186410 0.037260 0.052031
0 0.267630 0.299593 0.045490 0.065074
0 0.649630 0.293269 0.043260 0.073759
0 0.791854 0.265028 0.045937 0.063870
0 0.777302 0.304926 0.044375 0.064667
0 0.434854 0.258111 0.040375 0.064259
0 0.843969 0.242704 0.043042 0.054778
0 0.465406 0.213463 0.031708 0.049259
0 0.513854 0.223935 0.036604 0.054389
0 0.739187 0.610509 0.096604 0.162241
1 0.909745 0.655343 0.137260 0.236907
0 0.965411 0.369907 0.071260 0.084815
