0 0.125630 0.460981 0.083260 0.104963
0 0.640521 0.272333 0.039271 0.063481
0 0.717740 0.281815 0.045708 0.065852
0 0.778630 0.241917 0.035927 0.059537
0 0.665073 0.360630 0.051042 0.078889
0 0.431406 0.279250 0.043708 0.066241
0 0.780078 0.408630 0.072594 0.093519
0 0.413745 0.207741 0.029260 0.042556
0 0.867745 0.269370 0.047927 0.059926
0 0.355073 0.207544 0.035042 0.048469
0 0.516630 0.206355 0.030156 0.049254
0 0.431964 0.176923 0.029260 0.039376
0 0.526630 0.174355 0.026594 0.042143
1 0.476964 0.169225 0.030823 0.067439
0 0.973078 0.442611 0.055927 0.122741
