0 0.208745 0.449120 0.078823 0.106537
0 0.248078 0.574954 0.098823 0.143278
0 0.691521 0.162111 0.027042 0.035037
0 0.604745 0.175744 0.030823 0.047291
0 0.658521 0.177713 0.028604 0.044907
0 0.722854 0.190157 0.034604 0.053204
0 0.624745 0.244481 0.037927 0.066259
0 0.752854 0.231833 0.040813 0.052815
0 0.683521 0.244083 0.039042 0.053611
1 0.645411 0.340093 0.056156 0.088370
0 0.814302 0.228287 0.038375 0.056759
1 0.334854 0.192136 0.043042 0.081654
0 0.700406 0.605769 0.088375 0.140907
0 0.454406 0.190355 0.028375 0.045698
0 0.886740 0.673519 0.118375 0.168185
0 0.960297 0.567648 0.081490 0.128667
1 0.366521 0.165868 0.038375 0.069413
