0 0.629297 0.181864 0.030594 0.050050
0 0.681635 0.189373 0.033042 0.050846
0 0.639964 0.236972 0.038156 0.052019
0 0.705302 0.237769 0.040375 0.060722
0 0.341297 0.596481 0.097260 0.165815
0 0.136188 0.421269 0.077708 0.102204
0 0.776740 0.241519 0.041042 0.061111
0 0.654964 0.330009 0.056156 0.086389
1 0.329411 0.295046 0.045490 0.089167
0 0.829740 0.222361 0.043042 0.056759
0 0.787521 0.351741 0.063479 0.095074
0 0.479078 0.276481 0.044823 0.071000
0 0.905969 0.597074 0.121708 0.182778
0 0.766964 0.773861 0.128594 0.198981
0 0.984521 0.549667 0.033042 0.099815
