1 0.629188 0.166852 0.032146 0.075333
0 0.063375 0.671935 0.124667 0.195833
0 0.718521 0.243685 0.045479 0.067037
0 0.326297 0.454852 0.085927 0.170926
0 0.305521 0.331593 0.056813 0.084037
0 0.462411 0.379000 0.058156 0.091926
0 0.798964 0.259093 0.041927 0.055185
0 0.679188 0.377222 0.059271 0.100222
0 0.853964 0.235796 0.042156 0.059926
0 0.414078 0.296435 0.049927 0.078500
0 0.785635 0.353713 0.053042 0.084019
0 0.305964 0.253759 0.049260 0.063481
1 0.508188 0.209324 0.032813 0.072574
0 0.459187 0.199836 0.032146 0.055180
