0 0.633969 0.188577 0.027042 0.051624
0 0.731073 0.178108 0.029708 0.041746
0 0.698297 0.208336 0.035260 0.048476
0 0.162854 0.648241 0.127042 0.176074
0 0.764411 0.209910 0.035490 0.056365
0 0.656297 0.278454 0.037490 0.073352
1 0.740854 0.287343 0.043479 0.085611
0 0.810078 0.205766 0.035260 0.052024
1 0.228745 0.329417 0.076156 0.124722
0 0.789854 0.257519 0.047271 0.066259
0 0.417521 0.282019 0.042604 0.064667
0 0.878964 0.263833 0.049490 0.064667
0 0.709521 0.505028 0.075479 0.117204
1 0.878411 0.585019 0.104823 0.168963
0 0.417521 0.194306 0.027042 0.042537
