1 0.101854 0.588778 0.125042 0.205704
0 0.629188 0.216435 0.034375 0.051241
1 0.675969 0.179095 0.033708 0.053994
1 0.354521 0.414759 0.061042 0.126296
1 0.337854 0.295444 0.045937 0.079667
0 0.279302 0.281426 0.047042 0.065852
0 0.738854 0.306500 0.051479 0.081259
0 0.423854 0.294657 0.043271 0.070204
0 0.393745 0.222157 0.034594 0.050056
0 0.824302 0.262657 0.047708 0.072574
1 0.337078 0.216831 0.034156 0.067043
0 0.445297 0.222361 0.037260 0.058352
0 0.691630 0.491389 0.072156 0.116815
0 0.522745 0.176929 0.026823 0.042550
