0 0.105856 0.929963 0.161934 0.143778
0 0.398297 0.668778 0.104156 0.182407
0 0.301854 0.526157 0.089938 0.131833
0 0.625078 0.217815 0.034594 0.054778
0 0.079632 0.622556 0.126820 0.204519
0 0.448630 0.375046 0.057260 0.085611
0 0.765745 0.248037 0.041260 0.052815
0 0.414521 0.282806 0.046812 0.067833
0 0.822188 0.224926 0.040813 0.057963
0 0.778406 0.428583 0.065708 0.101019
0 0.312964 0.247639 0.042823 0.061500
0 0.511854 0.183836 0.025042 0.044513
0 0.768078 0.787889 0.133927 0.203333
0 0.965297 0.832926 0.071490 0.223889
