0 0.069818 0.902454 0.137552 0.166981
0 0.049042 0.508380 0.096000 0.144463
0 0.631078 0.175145 0.035927 0.059524
0 0.365297 0.632435 0.103490 0.180019
0 0.278187 0.515889 0.093708 0.159481
0 0.782635 0.218796 0.037708 0.055185
0 0.716188 0.222556 0.036375 0.052407
0 0.257964 0.411000 0.071927 0.110889
0 0.429406 0.400333 0.070375 0.138556
0 0.841521 0.304139 0.057708 0.078093
1 0.833854 0.191938 0.035271 0.065457
0 0.377521 0.230259 0.045271 0.075741
0 0.702411 0.482907 0.073260 0.125111
1 0.937521 0.712435 0.127042 0.268130
0 0.969964 0.338111 0.062156 0.081259
