1 0.122745 0.863991 0.146823 0.275722
1 0.227078 0.449324 0.067490 0.118796
0 0.141074 0.429574 0.075039 0.103778
0 0.693521 0.210503 0.036375 0.057550
0 0.335740 0.483889 0.075042 0.118407
0 0.336073 0.310065 0.047708 0.068611
0 0.762740 0.173966 0.031708 0.046106
1 0.254187 0.306907 0.047479 0.083630
0 0.394297 0.323102 0.053927 0.087574
0 0.649078 0.302167 0.043490 0.071778
0 0.503964 0.239935 0.035927 0.057167
1 0.445188 0.216630 0.042813 0.096667
1 0.420078 0.179299 0.024594 0.049661
1 0.470521 0.190951 0.026375 0.055580
0 0.523411 0.174756 0.029490 0.044524
