1 0.693188 0.198256 0.031708 0.065450
0 0.323854 0.459593 0.075708 0.129074
0 0.755969 0.208725 0.040375 0.061106
0 0.724302 0.271546 0.043708 0.073759
0 0.444854 0.422454 0.064375 0.104574
1 0.662854 0.290111 0.043042 0.087185
0 0.852406 0.234796 0.048375 0.061111
0 0.342521 0.288731 0.047708 0.070204
0 0.264521 0.295046 0.050813 0.074944
0 0.855297 0.325074 0.060823 0.081259
0 0.384406 0.222167 0.033708 0.056370
0 0.351745 0.192729 0.038156 0.056765
0 0.416521 0.179494 0.031271 0.045309
0 0.963854 0.339889 0.074375 0.078481
