0 0.160078 0.821269 0.142823 0.234537
0 0.631630 0.189960 0.031260 0.048857
1 0.675740 0.176725 0.031042 0.058735
1 0.642745 0.240333 0.040594 0.074556
0 0.453078 0.472630 0.070594 0.119593
0 0.376297 0.376037 0.050823 0.082037
0 0.764964 0.228278 0.040594 0.055185
1 0.343406 0.282213 0.049042 0.085611
0 0.664073 0.372870 0.057042 0.086000
1 0.742188 0.311444 0.058604 0.093519
1 0.451406 0.227889 0.031708 0.063074
1 0.415964 0.196877 0.027490 0.050839
0 0.375854 0.187392 0.028604 0.044513
0 0.955964 0.840037 0.090156 0.210444
0 0.479740 0.183444 0.027042 0.042148
