0 0.630302 0.185815 0.026375 0.042148
1 0.694187 0.197466 0.028375 0.057550
0 0.143632 0.564481 0.096153 0.138926
0 0.653854 0.251204 0.039708 0.064667
0 0.780740 0.189766 0.033042 0.048469
1 0.428411 0.475981 0.062156 0.152370
0 0.357854 0.417519 0.064604 0.091519
0 0.739302 0.283380 0.044375 0.077722
0 0.659521 0.338907 0.053271 0.078889
0 0.802073 0.278648 0.045042 0.068222
1 0.424740 0.266407 0.038375 0.081667
0 0.703411 0.491593 0.068156 0.107741
0 0.816964 0.478954 0.087260 0.140907
1 0.913521 0.421278 0.072375 0.122741
1 0.519854 0.197074 0.025937 0.062296
1 0.377635 0.183250 0.027708 0.048870
0 0.962745 0.345620 0.076594 0.077315
