0 0.626188 0.194503 0.024375 0.042143
0 0.646188 0.246259 0.036375 0.061111
0 0.731411 0.180676 0.026823 0.038981
1 0.296411 0.492981 0.110156 0.228222
0 0.745188 0.246065 0.039708 0.058352
0 0.717187 0.289722 0.039708 0.063481
0 0.784411 0.191151 0.027490 0.040180
0 0.216411 0.464130 0.084823 0.107333
0 0.494521 0.310463 0.047708 0.064667
0 0.702411 0.491593 0.074156 0.117222
0 0.881521 0.601222 0.113271 0.166593
0 0.892297 0.411000 0.072156 0.092704
0 0.402302 0.218602 0.031708 0.047685
0 0.749411 0.690907 0.101927 0.173704
0 0.964630 0.378213 0.060823 0.084019
