1 0.679964 0.177716 0.028823 0.051235
0 0.634964 0.216241 0.029927 0.049259
0 0.659411 0.291296 0.043260 0.069000
0 0.753302 0.203395 0.031042 0.047283
0 0.399411 0.578704 0.089927 0.138148
1 0.381073 0.346611 0.071042 0.155926
0 0.772187 0.299194 0.048813 0.065056
0 0.737740 0.367343 0.051042 0.086796
0 0.817187 0.220185 0.034375 0.041370
0 0.326078 0.326852 0.056594 0.080852
0 0.514411 0.238954 0.033260 0.051241
0 0.755521 0.728833 0.106604 0.185556
0 0.976078 0.914750 0.049927 0.174204
0 0.975521 0.566852 0.037708 0.130259
0 0.431073 0.180682 0.024375 0.037413
