1 0.624635 0.178898 0.023042 0.047278
0 0.668297 0.174553 0.026823 0.039376
0 0.678630 0.196481 0.027927 0.042148
0 0.737073 0.200435 0.031042 0.042944
0 0.636745 0.242898 0.036156 0.061500
0 0.372302 0.672139 0.111708 0.212019
0 0.264078 0.651194 0.101927 0.180426
0 0.143189 0.545907 0.104601 0.133407
0 0.339078 0.485074 0.078594 0.109704
0 0.321969 0.340093 0.051042 0.069407
0 0.318740 0.274306 0.043708 0.057167
0 0.776964 0.187984 0.029927 0.040957
0 0.490521 0.354704 0.048146 0.077296
1 0.438854 0.270157 0.036813 0.077315
0 0.844411 0.251787 0.043927 0.057167
0 0.819297 0.302759 0.052823 0.075333
0 0.686964 0.423046 0.057490 0.089167
0 0.508188 0.269370 0.035479 0.063074
0 0.826630 0.481519 0.081260 0.116815
0 0.905078 0.312037 0.055927 0.068630
0 0.509406 0.202602 0.031708 0.054389
0 0.976297 0.928972 0.049490 0.145759
