1 0.631740 0.179497 0.036375 0.077709
0 0.684745 0.182058 0.026823 0.048069
0 0.282297 0.938019 0.132156 0.103778
0 0.155853 0.533667 0.110816 0.138148
0 0.729740 0.272528 0.047042 0.072574
0 0.367969 0.374454 0.069708 0.137352
0 0.334521 0.292278 0.049479 0.067037
0 0.476187 0.324287 0.047938 0.070981
0 0.820297 0.290509 0.049490 0.074537
0 0.693740 0.445769 0.069708 0.109315
0 0.877521 0.259694 0.048813 0.059537
0 0.431521 0.256528 0.040375 0.067426
0 0.819078 0.418898 0.066594 0.100611
0 0.331635 0.226704 0.039708 0.049667
1 0.513964 0.191345 0.028823 0.059531
0 0.469521 0.182058 0.030146 0.048069
