0 0.638406 0.224324 0.033708 0.044093
0 0.719073 0.255935 0.045708 0.068611
0 0.744078 0.202803 0.032156 0.048469
0 0.129519 0.568231 0.100816 0.136167
0 0.649740 0.266806 0.033708 0.057944
0 0.799521 0.200831 0.033271 0.049265
0 0.487740 0.330407 0.044375 0.075333
0 0.679745 0.338111 0.050594 0.074926
0 0.793854 0.267389 0.047271 0.064667
0 0.762854 0.361222 0.053708 0.075333
0 0.682630 0.423833 0.062156 0.095481
0 0.860297 0.346806 0.057927 0.079685
0 0.881964 0.272731 0.047927 0.059537
0 0.781297 0.813176 0.124823 0.202537
0 0.514297 0.210306 0.029927 0.045315
