0 0.706078 0.216231 0.038823 0.057167
0 0.250521 0.598454 0.118813 0.225056
0 0.261635 0.391046 0.067708 0.086796
0 0.433297 0.466111 0.073260 0.130259
0 0.775521 0.226111 0.039938 0.049259
0 0.663854 0.316972 0.052146 0.076907
0 0.827740 0.209315 0.037708 0.043333
0 0.381078 0.347593 0.062156 0.090741
0 0.758297 0.294259 0.049927 0.055185
0 0.268854 0.286361 0.055479 0.063093
1 0.499411 0.241917 0.043260 0.080870
0 0.445521 0.231046 0.044375 0.070981
1 0.778297 0.721917 0.125490 0.246796
0 0.361630 0.187595 0.032156 0.047291
