0 0.105410 0.570009 0.117930 0.167389
1 0.266078 0.536824 0.095260 0.198981
0 0.649521 0.206164 0.034146 0.067043
0 0.339740 0.726454 0.132375 0.258241
0 0.169521 0.362407 0.076375 0.085593
0 0.798187 0.224528 0.043479 0.067426
1 0.673078 0.367343 0.063927 0.119981
0 0.307964 0.254750 0.042594 0.070981
0 0.892188 0.326065 0.067937 0.085611
0 0.380521 0.214855 0.038375 0.063883
0 0.918188 0.259102 0.056813 0.075722
0 0.496302 0.220979 0.043708 0.077709
0 0.742969 0.625315 0.113042 0.178444
0 0.453073 0.184432 0.036375 0.054394
0 0.901406 0.581074 0.106375 0.147630
