0 0.723188 0.179296 0.029042 0.040963
0 0.094301 0.664630 0.117045 0.163815
0 0.695635 0.205769 0.031708 0.051241
0 0.299521 0.362806 0.055938 0.086389
0 0.649411 0.254556 0.037490 0.057963
0 0.720073 0.272537 0.047708 0.059926
0 0.781302 0.250806 0.043042 0.058352
0 0.399635 0.348778 0.057042 0.096259
0 0.484187 0.345815 0.050146 0.083222
0 0.399964 0.244481 0.035490 0.054407
0 0.805297 0.206355 0.034594 0.049254
0 0.438521 0.277472 0.040146 0.059537
1 0.712302 0.520435 0.071708 0.142500
0 0.856740 0.529713 0.095708 0.125500
0 0.886745 0.392037 0.070823 0.091926
1 0.471521 0.183046 0.034146 0.079278
0 0.952964 0.820676 0.096156 0.192278
0 0.984854 0.404481 0.032375 0.091519
0 0.520188 0.205176 0.032375 0.052426
