0 0.623854 0.188583 0.029937 0.045315
0 0.722188 0.186605 0.028813 0.045309
0 0.697745 0.221167 0.035490 0.055185
0 0.654969 0.235000 0.034375 0.051222
0 0.767745 0.230065 0.039927 0.065056
0 0.639411 0.290315 0.043260 0.067037
0 0.718297 0.258704 0.038823 0.055185
0 0.356078 0.453278 0.065490 0.108519
0 0.683297 0.425620 0.062156 0.100611
0 0.826078 0.483889 0.078823 0.110481
1 0.887188 0.393019 0.067708 0.114444
0 0.909411 0.300185 0.056594 0.067037
0 0.784969 0.754509 0.121042 0.181611
0 0.416073 0.194506 0.027708 0.053209
0 0.373297 0.198456 0.028823 0.045309
0 0.982187 0.425611 0.037708 0.096667
