1 0.650521 0.194503 0.037937 0.061106
0 0.709630 0.200632 0.038823 0.056772
0 0.044708 0.686167 0.087333 0.168963
0 0.757406 0.181071 0.037042 0.050043
0 0.196635 0.687935 0.135042 0.192278
0 0.387745 0.596481 0.098156 0.177667
0 0.675406 0.283981 0.050375 0.088370
0 0.344078 0.417907 0.074823 0.128667
0 0.841964 0.201614 0.044823 0.061106
0 0.819406 0.414157 0.083708 0.133796
0 0.773297 0.536037 0.091490 0.150778
1 0.442521 0.199642 0.036604 0.071383
0 0.939969 0.310259 0.072375 0.082444
0 0.188188 0.326657 0.069708 0.097056
