0 0.035931 0.672528 0.069778 0.175685
0 0.184854 0.727639 0.137708 0.226648
0 0.344740 0.456630 0.070375 0.110481
0 0.393078 0.624130 0.103927 0.171333
0 0.646411 0.238556 0.040823 0.061519
1 0.700964 0.225130 0.040156 0.078889
0 0.775302 0.176729 0.032375 0.046098
1 0.664073 0.323889 0.054375 0.099444
0 0.495630 0.302750 0.044156 0.074537
0 0.429078 0.269565 0.038156 0.064278
0 0.814969 0.298213 0.053042 0.070204
1 0.393745 0.217225 0.034594 0.066254
0 0.710745 0.576926 0.091260 0.142481
1 0.829297 0.481917 0.095490 0.153944
1 0.475078 0.180090 0.026594 0.050450
