0 0.604854 0.171794 0.023479 0.040969
0 0.167634 0.848528 0.161045 0.241648
0 0.419411 0.591741 0.089490 0.154741
0 0.327854 0.475204 0.078812 0.116815
0 0.627521 0.232037 0.035042 0.053222
0 0.137408 0.541176 0.111705 0.168167
0 0.457078 0.350556 0.049260 0.079296
0 0.776630 0.265815 0.043490 0.058333
0 0.423854 0.268583 0.043271 0.063093
0 0.835297 0.240722 0.044823 0.061111
0 0.796630 0.470852 0.072823 0.108111
0 0.326964 0.235000 0.040594 0.061519
0 0.513188 0.178704 0.024146 0.042148
0 0.802521 0.908824 0.152146 0.186056
