0 0.642188 0.221176 0.038604 0.058352
0 0.707297 0.234407 0.043490 0.065074
0 0.155630 0.638556 0.112594 0.171741
0 0.326854 0.457222 0.077271 0.137741
1 0.402854 0.584435 0.088375 0.200167
0 0.797297 0.177713 0.036823 0.052019
0 0.733521 0.190160 0.038146 0.054791
0 0.479521 0.317370 0.047938 0.080074
0 0.803964 0.283000 0.048823 0.065852
0 0.349969 0.277472 0.043042 0.066648
0 0.726406 0.557769 0.089708 0.142093
0 0.453740 0.208333 0.035042 0.051630
0 0.879630 0.601426 0.105490 0.141704
1 0.512745 0.191738 0.032594 0.054783
0 0.969078 0.371500 0.063927 0.087185
