0 0.270740 0.037667 0.026375 0.027137
0 0.749521 0.616231 0.182604 0.203722
1 0.274187 0.055444 0.028813 0.036619
0 0.260854 0.070654 0.032813 0.040963
0 0.307854 0.095543 0.034813 0.040963
0 0.237411 0.086061 0.031260 0.038593
0 0.520635 0.899343 0.220375 0.205019
0 0.121856 0.287537 0.063268 0.086000
0 0.324187 0.270157 0.065271 0.086796
0 0.380411 0.129716 0.048823 0.048469
0 0.435078 0.118457 0.047927 0.045704
0 0.413078 0.166262 0.057260 0.054402
0 0.473854 0.212873 0.065479 0.057550
0 0.121521 0.143741 0.039042 0.047285
1 0.044521 0.131099 0.033931 0.055976
1 0.611521 0.183049 0.081271 0.085606
0 0.721630 0.195694 0.079260 0.071389
0 0.071188 0.089815 0.025042 0.040567
1 0.903187 0.305519 0.133479 0.110889
0 0.046521 0.075198 0.024152 0.037407
