0 0.303297 0.368731 0.099927 0.130648
0 0.227302 0.075593 0.033708 0.033456
0 0.281740 0.068876 0.037708 0.044519
0 0.201078 0.044975 0.026594 0.032272
0 0.273297 0.050308 0.034156 0.031876
0 0.452964 0.119444 0.044594 0.053211
0 0.388187 0.152234 0.064375 0.053209
0 0.092297 0.253565 0.052594 0.077315
0 0.222964 0.182651 0.058823 0.070587
0 0.114741 0.158753 0.043705 0.060717
0 0.152411 0.119049 0.038156 0.047680
0 0.017931 0.122803 0.033778 0.046494
0 0.783078 0.308083 0.110594 0.112870
0 0.024375 0.374065 0.046667 0.120759
