0 0.356964 0.072431 0.040594 0.044519
0 0.300411 0.103642 0.046156 0.045309
0 0.290854 0.072234 0.040375 0.040172
1 0.315188 0.233818 0.067271 0.111291
0 0.175854 0.210509 0.051271 0.077315
0 0.093634 0.241907 0.057045 0.080074
0 0.446964 0.106605 0.048594 0.054394
0 0.212740 0.154803 0.046375 0.061506
0 0.136188 0.147296 0.042146 0.055185
0 0.451740 0.173571 0.064375 0.049265
0 0.512521 0.164679 0.071271 0.065457
0 0.662521 0.158954 0.071708 0.066648
0 0.043521 0.114506 0.033265 0.046494
0 0.762740 0.344435 0.135708 0.101019
