1 0.898297 0.895000 0.205490 0.213704
0 0.386078 0.755491 0.158823 0.246796
1 0.247745 0.053272 0.035490 0.055185
0 0.222188 0.075000 0.031042 0.035433
0 0.339964 0.054259 0.028823 0.037407
0 0.363854 0.278463 0.069937 0.090741
1 0.335521 0.098704 0.044375 0.051233
0 0.361635 0.079938 0.034375 0.041357
0 0.412745 0.132284 0.049927 0.051235
0 0.331078 0.124383 0.039927 0.043333
0 0.151073 0.353519 0.071042 0.110481
0 0.064965 0.172775 0.043264 0.057154
0 0.196078 0.150062 0.038823 0.059135
0 0.534964 0.193519 0.072156 0.067037
0 0.603302 0.173762 0.071042 0.067031
0 0.709969 0.289315 0.104375 0.084815
0 0.777187 0.369324 0.127708 0.098648
0 0.077187 0.086852 0.029931 0.043333
1 0.018264 0.084877 0.034445 0.051235
1 0.939411 0.302167 0.123260 0.138148
