0 0.272740 0.047345 0.033042 0.037013
0 0.227630 0.049320 0.028156 0.036222
0 0.217188 0.066308 0.033042 0.034643
0 0.326078 0.044185 0.029490 0.038593
0 0.347745 0.073618 0.036823 0.041357
1 0.418406 0.305120 0.105708 0.149611
0 0.279964 0.320139 0.075927 0.107722
1 0.092411 0.272333 0.071490 0.155148
0 0.238078 0.169021 0.054823 0.076513
0 0.445297 0.085271 0.043490 0.044124
0 0.335188 0.130111 0.044604 0.042148
0 0.121189 0.152037 0.047268 0.069407
0 0.083964 0.586009 0.101260 0.183574
0 0.616297 0.169419 0.069927 0.072569
0 0.576406 0.199049 0.075042 0.077309
0 0.554521 0.244676 0.081042 0.079278
0 0.061298 0.081914 0.032820 0.040569
