1 0.865854 0.859444 0.270375 0.284815
0 0.802188 0.666796 0.208375 0.190296
0 0.300854 0.040431 0.024375 0.027926
0 0.289187 0.054456 0.029937 0.037013
0 0.215187 0.061173 0.033042 0.033061
0 0.200078 0.360037 0.076594 0.112481
0 0.311521 0.343056 0.080375 0.110889
1 0.364964 0.057419 0.033490 0.048469
0 0.341406 0.070655 0.029042 0.047283
0 0.278521 0.075197 0.030375 0.040569
0 0.223187 0.260278 0.060146 0.090741
0 0.306302 0.224926 0.067708 0.087185
0 0.173073 0.173370 0.040375 0.057556
0 0.084965 0.192729 0.042820 0.061506
0 0.413521 0.134259 0.045271 0.044122
0 0.326964 0.126951 0.044156 0.040569
0 0.200302 0.138605 0.039708 0.047283
0 0.016708 0.179694 0.031333 0.055981
0 0.431854 0.163889 0.055708 0.057556
0 0.535406 0.155593 0.062375 0.055185
1 0.112964 0.114704 0.033927 0.060322
0 0.630740 0.283593 0.098375 0.084407
