0 0.288635 0.543148 0.115042 0.183185
0 0.240073 0.070259 0.038375 0.034641
0 0.323188 0.081717 0.043708 0.040963
0 0.254411 0.290111 0.071490 0.094296
0 0.323740 0.107198 0.037708 0.042148
0 0.137854 0.157762 0.045042 0.061106
0 0.417187 0.161521 0.059708 0.056772
0 0.485521 0.154209 0.056813 0.058741
0 0.539078 0.143148 0.058594 0.062693
0 0.583521 0.125172 0.058604 0.055185
0 0.088630 0.082111 0.069260 0.120767
0 0.162187 0.102852 0.037708 0.042937
1 0.737078 0.216037 0.102156 0.093111
0 0.021375 0.126160 0.040667 0.055580
0 0.733740 0.327833 0.119042 0.088370
0 0.840188 0.318750 0.122146 0.108907
