0 0.188854 0.059988 0.027042 0.030691
0 0.293745 0.045172 0.026594 0.032667
0 0.555188 0.447537 0.121042 0.142889
1 0.283297 0.078556 0.034594 0.048074
0 0.301297 0.061963 0.030594 0.038593
0 0.340073 0.108185 0.039708 0.048074
0 0.266521 0.099889 0.031708 0.039381
0 0.312188 0.627694 0.137708 0.198981
0 0.096189 0.239148 0.055934 0.073741
0 0.267635 0.220583 0.054375 0.073759
0 0.426964 0.149469 0.054823 0.052420
0 0.484078 0.137222 0.056156 0.051630
0 0.494635 0.200627 0.071042 0.060709
0 0.552854 0.255148 0.080812 0.066259
0 0.103634 0.122012 0.035711 0.046494
1 0.036188 0.115296 0.030598 0.054396
1 0.705073 0.216429 0.097708 0.102587
0 0.861411 0.244481 0.111260 0.089963
0 0.060187 0.078951 0.025265 0.037802
