0 0.339188 0.062556 0.037479 0.043730
0 0.286078 0.088828 0.037927 0.038593
0 0.272188 0.061568 0.036375 0.037802
1 0.357969 0.265222 0.076375 0.120370
0 0.198630 0.231648 0.061260 0.082444
0 0.110965 0.266796 0.061486 0.084815
0 0.419521 0.093370 0.047042 0.050048
0 0.235411 0.170213 0.049927 0.063093
0 0.152521 0.161917 0.048604 0.060722
0 0.416630 0.155593 0.058594 0.050444
0 0.474073 0.146704 0.067708 0.062693
0 0.608521 0.134852 0.064604 0.054789
0 0.052854 0.124975 0.034598 0.052420
0 0.678187 0.299398 0.117708 0.094685
