0 0.343964 0.695444 0.156823 0.240481
1 0.260745 0.037074 0.025490 0.041752
0 0.732630 0.858852 0.254156 0.286000
0 0.314854 0.394009 0.088813 0.131426
0 0.553078 0.454454 0.151927 0.194648
0 0.311411 0.038852 0.031260 0.034248
0 0.219964 0.044976 0.027490 0.038593
0 0.259073 0.082506 0.039042 0.042543
0 0.125965 0.325472 0.062153 0.104167
0 0.424187 0.105419 0.047042 0.048865
0 0.393521 0.122803 0.046146 0.048865
0 0.386521 0.152630 0.053042 0.048470
0 0.529406 0.116087 0.055708 0.055185
0 0.569188 0.161120 0.068146 0.054389
1 0.172745 0.117271 0.044594 0.070987
0 0.107854 0.129321 0.039708 0.054791
0 0.035375 0.430167 0.068667 0.138148
1 0.022597 0.106407 0.043111 0.077704
0 0.120521 0.071049 0.030375 0.046494
0 0.810406 0.224926 0.087042 0.076111
0 0.725521 0.344037 0.097708 0.097074
