0 0.806630 0.913769 0.255490 0.176167
0 0.532187 0.975000 0.155479 0.053704
0 0.767745 0.648833 0.206594 0.215185
0 0.474964 0.516481 0.138823 0.171741
0 0.229964 0.067098 0.033260 0.031481
0 0.254969 0.052284 0.034375 0.033457
0 0.328854 0.042407 0.028813 0.037407
0 0.165521 0.322898 0.071042 0.104574
0 0.308854 0.107593 0.044375 0.045307
0 0.426630 0.133272 0.059927 0.049259
0 0.164411 0.186602 0.048823 0.065056
0 0.432745 0.169818 0.049927 0.047291
0 0.104964 0.115494 0.036594 0.053209
0 0.587187 0.254759 0.085479 0.078889
0 0.676073 0.243889 0.087708 0.084815
0 0.730521 0.218213 0.081042 0.080870
0 0.815521 0.213275 0.102146 0.078894
0 0.064410 0.056173 0.055486 0.108643
0 0.119411 0.071049 0.029927 0.035431
