0 0.866630 0.799787 0.268823 0.404130
1 0.240964 0.040630 0.028594 0.036222
0 0.179073 0.055049 0.029708 0.028717
0 0.210521 0.051098 0.024604 0.035037
0 0.261521 0.069469 0.033271 0.043333
0 0.329964 0.078951 0.036823 0.041754
0 0.392635 0.088432 0.039042 0.040172
0 0.293745 0.357861 0.083927 0.108130
0 0.379745 0.307093 0.080823 0.101407
0 0.213406 0.432528 0.087708 0.134981
0 0.352187 0.063148 0.031042 0.034641
0 0.224297 0.168831 0.055260 0.077709
0 0.353302 0.143148 0.045708 0.043730
0 0.416745 0.134062 0.049490 0.050050
0 0.478854 0.127741 0.047479 0.054000
1 0.136078 0.156380 0.040156 0.078093
0 0.057743 0.167442 0.037708 0.053598
0 0.066632 0.231444 0.049708 0.074926
0 0.039708 0.381176 0.077333 0.115241
1 0.521411 0.172182 0.075260 0.093894
0 0.503745 0.226704 0.073260 0.059148
0 0.706964 0.183840 0.074823 0.069802
0 0.117411 0.079741 0.026823 0.038593
1 0.788854 0.310454 0.130604 0.111278
0 0.940630 0.312037 0.120823 0.104185
