0 0.285854 0.042407 0.026375 0.030296
0 0.607745 0.495352 0.135490 0.154741
1 0.277740 0.071247 0.032375 0.042939
0 0.287969 0.062753 0.033708 0.037802
0 0.328745 0.103444 0.037490 0.044122
0 0.256521 0.094754 0.030375 0.033852
0 0.366854 0.712630 0.161708 0.229815
0 0.102741 0.251204 0.057039 0.076519
0 0.284635 0.236972 0.059042 0.077315
0 0.411078 0.142357 0.051490 0.051630
0 0.465740 0.129519 0.052375 0.048863
0 0.464630 0.185219 0.066156 0.060709
0 0.524521 0.239741 0.074375 0.063889
0 0.109522 0.128728 0.034601 0.045704
1 0.039632 0.120827 0.033042 0.054394
1 0.671521 0.203590 0.092812 0.095080
0 0.808302 0.225713 0.099708 0.080870
0 0.063187 0.083494 0.026819 0.040569
1 0.968521 0.347389 0.065042 0.087185
