0 0.230297 0.049913 0.027260 0.030296
0 0.689411 0.796380 0.221927 0.266944
0 0.224302 0.067296 0.026375 0.031085
0 0.222630 0.307685 0.066594 0.102593
0 0.272521 0.098901 0.039708 0.038987
0 0.327964 0.093370 0.037260 0.046100
0 0.374187 0.091000 0.040813 0.039778
0 0.387745 0.069074 0.038594 0.040963
0 0.156411 0.160923 0.101260 0.166191
0 0.281630 0.213861 0.061490 0.074537
1 0.482411 0.122013 0.062156 0.057556
0 0.083522 0.264037 0.058601 0.087185
0 0.431745 0.176132 0.060823 0.052809
0 0.492854 0.168831 0.064812 0.065857
0 0.686630 0.253565 0.096823 0.098648
0 0.801745 0.254944 0.096823 0.084815
0 0.937521 0.325870 0.127042 0.093111
0 0.064187 0.083889 0.030598 0.042937
0 0.111522 0.077172 0.025268 0.037407
0 0.014264 0.087247 0.026445 0.040172
0 0.957187 0.267194 0.087708 0.076907
