0 0.312745 0.052283 0.036594 0.037407
0 0.258854 0.075988 0.035479 0.041357
0 0.242745 0.047345 0.032156 0.039383
1 0.452188 0.344630 0.102146 0.155926
0 0.243854 0.285370 0.069937 0.096667
0 0.145521 0.329815 0.068812 0.106556
0 0.377745 0.076975 0.042156 0.047283
0 0.283297 0.209318 0.062156 0.078883
0 0.183854 0.196484 0.052146 0.076920
0 0.368302 0.131296 0.047708 0.049259
0 0.414406 0.120431 0.057708 0.055185
0 0.531630 0.107593 0.052156 0.053211
0 0.069965 0.148086 0.039930 0.059135
0 0.567745 0.234009 0.093260 0.076907
0 0.855521 0.321907 0.135479 0.102593
0 0.078298 0.084877 0.029930 0.047283
0 0.917740 0.415741 0.124375 0.120370
