0 0.751630 0.851694 0.231260 0.262981
0 0.364078 0.740287 0.149927 0.236907
0 0.369854 0.117864 0.040146 0.052420
0 0.446521 0.502648 0.116146 0.160667
0 0.426411 0.113716 0.046594 0.054394
0 0.336745 0.136630 0.042823 0.050444
1 0.481411 0.353917 0.085927 0.146056
0 0.531635 0.123000 0.049042 0.049259
0 0.559078 0.158556 0.058156 0.054789
0 0.442964 0.187000 0.058823 0.061111
0 0.553078 0.199046 0.066156 0.066241
0 0.639297 0.161127 0.062156 0.062302
0 0.055965 0.314407 0.059486 0.098630
0 0.127406 0.235787 0.046375 0.077315
0 0.706078 0.222753 0.080594 0.077309
0 0.629630 0.291102 0.083260 0.082833
0 0.173745 0.184040 0.050594 0.073365
