0 0.284406 0.580685 0.131042 0.185556
1 0.275521 0.038456 0.028813 0.041357
0 0.556078 0.663639 0.172156 0.229019
0 0.266630 0.334750 0.079927 0.116426
0 0.459406 0.367352 0.121042 0.150000
0 0.329411 0.042407 0.029927 0.033456
0 0.238854 0.052284 0.028813 0.041357
0 0.280521 0.092778 0.041042 0.047285
0 0.107745 0.279444 0.055490 0.092704
0 0.457745 0.115494 0.046594 0.049259
0 0.432745 0.141172 0.049927 0.049259
0 0.424411 0.173766 0.059927 0.059135
0 0.574411 0.130308 0.059927 0.051235
0 0.619964 0.178701 0.073260 0.057154
1 0.154969 0.102654 0.041042 0.067037
0 0.094965 0.110556 0.032153 0.047285
0 0.023819 0.355500 0.045555 0.114444
1 0.019375 0.091790 0.036667 0.076913
0 0.109967 0.065123 0.031045 0.047283
0 0.908297 0.255741 0.103260 0.084815
0 0.843297 0.400926 0.119927 0.110481
