0 0.186630 0.410407 0.094156 0.131815
1 0.314411 0.055050 0.035490 0.049259
0 0.339078 0.409222 0.102156 0.131037
0 0.185302 0.243491 0.057708 0.078500
0 0.319187 0.247639 0.080146 0.113648
0 0.386521 0.064136 0.040604 0.040569
0 0.288854 0.080333 0.039938 0.052419
0 0.344964 0.125370 0.052156 0.052419
0 0.072409 0.207151 0.048375 0.069809
0 0.547630 0.152827 0.072156 0.061506
0 0.559964 0.197271 0.073260 0.069013
0 0.547187 0.241315 0.082812 0.071778
0 0.713630 0.180281 0.080156 0.063476
0 0.769411 0.240333 0.102823 0.077704
1 0.119632 0.075197 0.037486 0.059531
0 0.066632 0.082506 0.029708 0.042543
