0 0.445297 0.822463 0.184823 0.249556
0 0.210854 0.061963 0.033271 0.034641
0 0.280745 0.071642 0.037490 0.038198
0 0.345521 0.398556 0.095479 0.123148
0 0.279187 0.091790 0.030375 0.036617
0 0.163078 0.203790 0.050156 0.077309
0 0.351854 0.134852 0.045937 0.050841
0 0.413745 0.128926 0.046594 0.054789
0 0.463854 0.121025 0.051271 0.057161
0 0.493297 0.103444 0.048823 0.048863
0 0.108521 0.110754 0.079708 0.136963
0 0.196406 0.138803 0.045708 0.055580
1 0.618188 0.175151 0.079937 0.081661
0 0.037410 0.170410 0.043264 0.062698
0 0.583630 0.254759 0.089490 0.076519
0 0.671521 0.246657 0.095479 0.087981
0 0.969964 0.403889 0.062156 0.104556
