0 0.470521 0.535241 0.127708 0.173704
0 0.237187 0.495741 0.094375 0.157889
0 0.422740 0.138210 0.047708 0.047283
0 0.323297 0.361426 0.079927 0.114444
0 0.485521 0.135247 0.053271 0.053209
0 0.403302 0.167843 0.051042 0.051241
1 0.371630 0.266611 0.063260 0.114444
0 0.612745 0.150061 0.056594 0.055185
0 0.661078 0.193516 0.073260 0.063080
0 0.564964 0.248833 0.083260 0.078889
0 0.677187 0.251787 0.089938 0.076907
0 0.764411 0.203398 0.079927 0.074944
0 0.037743 0.236972 0.046597 0.074944
0 0.102745 0.190558 0.038823 0.065069
0 0.889964 0.288333 0.113260 0.098630
0 0.843854 0.400926 0.136604 0.106556
