0 0.224969 0.056234 0.027708 0.041357
0 0.263854 0.075000 0.029937 0.035433
0 0.199964 0.067098 0.026594 0.031481
0 0.189411 0.408824 0.083260 0.122352
0 0.476630 0.414759 0.106594 0.126296
0 0.322188 0.101667 0.039938 0.037407
0 0.367745 0.095741 0.039927 0.041359
0 0.314406 0.121420 0.044375 0.037407
0 0.372740 0.157963 0.054375 0.043333
0 0.161078 0.193516 0.046594 0.063080
1 0.066632 0.170803 0.042153 0.076913
1 0.493297 0.136235 0.059927 0.067037
0 0.553302 0.135246 0.057708 0.049259
0 0.096078 0.120432 0.032156 0.051235
1 0.687740 0.222157 0.091042 0.088759
0 0.070521 0.097717 0.029931 0.037407
1 0.818854 0.222164 0.106604 0.096672
0 0.816078 0.327833 0.123260 0.102593
0 0.010486 0.206358 0.018889 0.076913
