0 0.602187 0.701176 0.186604 0.240870
0 0.228297 0.050308 0.025490 0.033457
0 0.375521 0.294259 0.082146 0.090741
0 0.240521 0.077963 0.032146 0.041359
0 0.353302 0.080926 0.037708 0.039381
1 0.199411 0.205370 0.058823 0.102593
0 0.226078 0.170799 0.045490 0.061106
0 0.217740 0.951296 0.144375 0.101111
0 0.134965 0.287343 0.072153 0.116426
0 0.478297 0.103642 0.045490 0.045309
0 0.492740 0.132284 0.061042 0.059135
0 0.408854 0.155987 0.064375 0.055185
0 0.068298 0.149074 0.038820 0.053211
0 0.116632 0.124382 0.035486 0.051235
1 0.629411 0.147099 0.069927 0.076913
0 0.624411 0.182651 0.062156 0.084809
0 0.557187 0.205368 0.069937 0.063080
0 0.071632 0.107593 0.032153 0.045307
0 0.130521 0.082902 0.032146 0.043333
0 0.077743 0.080926 0.024375 0.031481
0 0.015486 0.216234 0.028889 0.069013
0 0.017153 0.087840 0.032222 0.045309
0 0.905521 0.367352 0.137708 0.102593
0 0.836635 0.400926 0.137708 0.106556
