0 0.261078 0.038456 0.026594 0.033457
0 0.193297 0.052284 0.028823 0.033457
0 0.372188 0.429565 0.113271 0.140130
0 0.353302 0.072037 0.037708 0.045307
0 0.346073 0.101667 0.041042 0.045307
0 0.431078 0.051234 0.099927 0.098765
1 0.248302 0.180676 0.061042 0.076907
0 0.394411 0.155000 0.053260 0.053211
0 0.672188 0.197466 0.086604 0.067031
0 0.638302 0.284389 0.101042 0.078889
0 0.672745 0.249815 0.098823 0.076926
1 0.124411 0.084876 0.033260 0.055185
0 0.066632 0.087839 0.028820 0.049259
0 0.013264 0.100679 0.024445 0.047283
0 0.956078 0.324880 0.089927 0.104574
