0 0.680411 0.795991 0.218594 0.288278
0 0.222521 0.049519 0.026375 0.035037
0 0.403521 0.320333 0.086604 0.101815
0 0.232073 0.075593 0.033042 0.039778
0 0.344406 0.080135 0.037708 0.040963
1 0.210969 0.221176 0.062375 0.105759
0 0.237635 0.181868 0.049042 0.061117
0 0.148297 0.311833 0.079260 0.127481
0 0.464078 0.102061 0.045490 0.042148
0 0.477188 0.129123 0.056604 0.059135
0 0.391969 0.154407 0.059042 0.055185
0 0.073188 0.157766 0.039708 0.054791
0 0.121521 0.133074 0.036375 0.052815
1 0.607630 0.140778 0.067260 0.070593
0 0.600411 0.174750 0.058594 0.081648
0 0.530521 0.196676 0.064604 0.061500
0 0.077854 0.117074 0.032152 0.051630
0 0.135854 0.090013 0.033937 0.048074
0 0.081743 0.088037 0.027042 0.039381
0 0.019042 0.237574 0.036000 0.080074
0 0.018931 0.091791 0.035778 0.037407
0 0.851302 0.347593 0.127042 0.101000
0 0.773964 0.378009 0.126156 0.108130
