1 0.664969 0.708093 0.226375 0.336074
0 0.631302 0.528333 0.153708 0.152778
0 0.317188 0.048135 0.028146 0.031481
0 0.305969 0.063741 0.033708 0.038196
0 0.229521 0.070457 0.031938 0.035037
0 0.172630 0.314407 0.067490 0.100222
0 0.267188 0.297019 0.067271 0.093111
1 0.386740 0.064136 0.037042 0.048469
0 0.363188 0.080136 0.032146 0.048865
0 0.299745 0.085272 0.031490 0.033852
0 0.195521 0.231241 0.057271 0.084815
0 0.269745 0.196873 0.058156 0.075328
0 0.156188 0.156975 0.038146 0.055580
0 0.072743 0.171984 0.038820 0.058735
0 0.445964 0.153618 0.052823 0.052024
0 0.357854 0.144531 0.044604 0.041754
0 0.180406 0.125173 0.036375 0.047283
0 0.013931 0.160135 0.025778 0.051630
0 0.480297 0.187395 0.065490 0.065061
0 0.592406 0.181868 0.068375 0.061117
1 0.101077 0.102456 0.034597 0.059531
0 0.721635 0.336926 0.122375 0.091519
