0 0.904078 0.788083 0.193927 0.265352
0 0.559854 0.604574 0.165938 0.205704
0 0.219297 0.061568 0.032823 0.035431
0 0.243188 0.045370 0.032146 0.036222
0 0.313411 0.039050 0.028594 0.036222
0 0.185187 0.360231 0.079271 0.119981
0 0.291297 0.099098 0.046594 0.045704
0 0.397635 0.120630 0.051708 0.048470
0 0.180188 0.205762 0.055938 0.074143
0 0.403630 0.154210 0.045490 0.048469
0 0.111078 0.124185 0.036823 0.053211
0 0.536854 0.229074 0.080375 0.070185
0 0.622297 0.218206 0.080156 0.082439
0 0.676854 0.196679 0.076375 0.077309
0 0.751521 0.190954 0.086146 0.073759
0 0.069632 0.060321 0.059264 0.116939
0 0.126854 0.081123 0.033271 0.040569
1 0.949411 0.313019 0.103260 0.118000
