0 0.369073 0.894009 0.159042 0.215685
0 0.297745 0.056037 0.035490 0.033852
0 0.252411 0.058605 0.028823 0.038198
0 0.244521 0.081913 0.034375 0.035037
0 0.356411 0.054852 0.035927 0.040174
0 0.382078 0.089419 0.044594 0.042939
1 0.340740 0.243692 0.081042 0.118394
0 0.227854 0.261074 0.063708 0.089148
1 0.073188 0.223544 0.061485 0.130246
0 0.205078 0.144531 0.051927 0.073357
0 0.494297 0.103049 0.048156 0.048865
0 0.383188 0.155593 0.054375 0.044122
0 0.100521 0.128531 0.037042 0.062691
0 0.040264 0.427204 0.078445 0.134593
0 0.704411 0.208139 0.088823 0.077315
0 0.681521 0.249417 0.096375 0.090352
0 0.660078 0.304528 0.101490 0.097056
0 0.053187 0.074209 0.029042 0.038593
