0 0.262297 0.044975 0.026823 0.037802
0 0.318078 0.050308 0.028156 0.034246
0 0.752078 0.892824 0.216156 0.218056
0 0.842187 0.717370 0.205708 0.244815
0 0.373635 0.290306 0.087708 0.120759
0 0.258411 0.091593 0.034594 0.036222
0 0.302969 0.079741 0.033042 0.044122
0 0.354411 0.075988 0.031927 0.035828
1 0.254521 0.275296 0.065937 0.117593
0 0.121074 0.272537 0.053705 0.083630
0 0.185964 0.439241 0.083490 0.140519
0 0.176522 0.816528 0.149934 0.262204
1 0.364745 0.101865 0.049490 0.069407
0 0.337078 0.133469 0.045260 0.041754
0 0.492188 0.106605 0.047479 0.049654
0 0.186187 0.129123 0.037708 0.051235
1 0.515078 0.179688 0.073260 0.071772
0 0.575187 0.161521 0.061042 0.068624
0 0.671073 0.254167 0.084375 0.080074
0 0.602740 0.273120 0.083708 0.086389
0 0.039632 0.157173 0.040153 0.053606
0 0.017597 0.097123 0.033111 0.044124
0 0.103630 0.073024 0.027260 0.036222
