0 0.546969 0.873861 0.218375 0.255981
0 0.699188 0.775250 0.206375 0.259426
0 0.745297 0.608333 0.175490 0.198185
0 0.390854 0.130902 0.044813 0.049259
0 0.465187 0.123197 0.050375 0.054394
0 0.365630 0.147889 0.049927 0.051630
0 0.293187 0.326648 0.071708 0.104963
0 0.150188 0.316778 0.058146 0.093889
0 0.543964 0.191942 0.066156 0.069413
0 0.220302 0.241120 0.053042 0.076130
0 0.620406 0.184435 0.073708 0.072574
0 0.563635 0.244880 0.074375 0.066241
1 0.270964 0.187000 0.047260 0.084815
0 0.801406 0.207343 0.086375 0.073352
0 0.909187 0.287935 0.109479 0.096278
