0 0.246073 0.582657 0.115708 0.172907
0 0.890745 0.792630 0.220594 0.276815
0 0.189297 0.246259 0.070594 0.091926
0 0.280188 0.106210 0.041708 0.041754
0 0.341188 0.092581 0.044146 0.055580
0 0.237964 0.063148 0.032823 0.037011
0 0.313521 0.046357 0.032813 0.035037
0 0.310406 0.066704 0.036375 0.037011
0 0.254521 0.044778 0.029937 0.031085
0 0.553745 0.160731 0.058156 0.060722
0 0.514297 0.220778 0.089927 0.071000
0 0.048299 0.186210 0.043708 0.062691
0 0.157854 0.129716 0.045937 0.057161
0 0.072632 0.113519 0.036820 0.046889
0 0.108853 0.084680 0.035482 0.039778
