0 0.340630 0.455648 0.110156 0.196222
0 0.486187 0.408630 0.103042 0.140111
0 0.240297 0.059395 0.028594 0.035828
0 0.237854 0.090407 0.037042 0.034641
1 0.286969 0.046358 0.034375 0.045309
0 0.104522 0.271343 0.060601 0.089167
0 0.269297 0.076581 0.039490 0.046494
1 0.401745 0.094556 0.039927 0.053211
0 0.186635 0.236981 0.063042 0.078889
0 0.106967 0.163889 0.039711 0.055185
0 0.199188 0.157568 0.056604 0.077309
0 0.513521 0.118655 0.052813 0.048469
0 0.412078 0.143543 0.050823 0.063481
0 0.500302 0.216824 0.074375 0.073352
0 0.022597 0.144531 0.043111 0.048865
0 0.048153 0.568037 0.094222 0.177667
0 0.771078 0.258111 0.103927 0.090333
0 0.931297 0.385713 0.139490 0.107722
0 0.919745 0.458407 0.162594 0.130630
