0 0.212188 0.042803 0.027479 0.035828
0 0.272297 0.050308 0.028156 0.036617
0 0.330745 0.054456 0.030823 0.035431
0 0.620745 0.755491 0.193490 0.251537
0 0.714187 0.591148 0.175042 0.198593
0 0.285854 0.036481 0.024604 0.031085
0 0.338969 0.258898 0.079708 0.105352
0 0.271745 0.096926 0.038594 0.037407
0 0.319635 0.085667 0.035708 0.048863
0 0.372078 0.082506 0.032594 0.041754
1 0.227187 0.244481 0.060604 0.103370
0 0.107741 0.247648 0.049705 0.076519
0 0.158297 0.382944 0.072156 0.122741
0 0.138856 0.700380 0.130601 0.231389
1 0.386745 0.109569 0.053490 0.068222
0 0.360078 0.145321 0.045927 0.044124
0 0.520521 0.114901 0.049479 0.054394
0 0.173187 0.118456 0.035708 0.048865
1 0.550078 0.192725 0.079260 0.081254
0 0.619188 0.179299 0.070375 0.070994
0 0.724740 0.273130 0.093042 0.089556
0 0.662073 0.302157 0.089042 0.085204
0 0.031965 0.142358 0.038153 0.054791
0 0.015264 0.090605 0.028445 0.038198
0 0.096297 0.067691 0.025927 0.037407
