0 0.538630 0.937074 0.159927 0.129556
0 0.407411 0.090210 0.036156 0.040569
0 0.445188 0.116680 0.043708 0.046889
0 0.315635 0.123988 0.038375 0.044124
0 0.781406 0.635194 0.190375 0.229796
1 0.539078 0.561907 0.177260 0.314741
0 0.265411 0.280833 0.061927 0.090741
0 0.341078 0.244870 0.060823 0.081259
0 0.616078 0.171197 0.073490 0.078494
0 0.178521 0.182454 0.045042 0.068611
0 0.226078 0.156975 0.040594 0.059531
0 0.033632 0.188386 0.038375 0.059931
0 0.100298 0.169818 0.034820 0.056772
0 0.944630 0.304731 0.112823 0.111685
