0 0.752630 0.715046 0.496823 0.573611
1 0.256964 0.047148 0.029927 0.039778
0 0.196521 0.065519 0.029479 0.029111
0 0.226854 0.058803 0.027938 0.037013
0 0.286635 0.083494 0.037708 0.046098
0 0.358635 0.089419 0.039042 0.038987
0 0.423406 0.104827 0.045042 0.042939
0 0.235406 0.292278 0.067708 0.088370
0 0.315854 0.255148 0.067271 0.082037
0 0.158964 0.341870 0.069490 0.110889
0 0.385297 0.076778 0.036823 0.035826
0 0.193854 0.143741 0.049042 0.063878
0 0.394964 0.167840 0.053490 0.049654
0 0.465740 0.156382 0.056375 0.058346
0 0.534406 0.153024 0.056375 0.063481
1 0.113410 0.134655 0.035264 0.063876
0 0.044521 0.148086 0.035265 0.044913
0 0.045077 0.197077 0.043486 0.063883
0 0.028375 0.316972 0.054667 0.093500
1 0.594521 0.208725 0.088146 0.106143
0 0.586297 0.276093 0.087260 0.071778
0 0.815188 0.224139 0.092604 0.076130
0 0.100077 0.071050 0.024597 0.033852
1 0.927297 0.386315 0.147490 0.138148
