0 0.186630 0.058803 0.025260 0.029902
0 0.289745 0.043988 0.026594 0.031876
0 0.579854 0.470463 0.127708 0.147630
1 0.278854 0.076185 0.033708 0.044915
0 0.295969 0.060778 0.032375 0.037804
0 0.334073 0.105815 0.038375 0.044915
0 0.261411 0.097123 0.031260 0.035431
0 0.337745 0.666806 0.148823 0.212426
0 0.099074 0.244287 0.056372 0.074537
0 0.275854 0.228880 0.056604 0.074537
0 0.418969 0.145913 0.053042 0.051630
0 0.474297 0.133271 0.053490 0.050050
0 0.479297 0.191942 0.068823 0.062302
0 0.539078 0.247639 0.077260 0.065463
0 0.106745 0.125569 0.034823 0.045704
1 0.037966 0.118062 0.032375 0.053606
1 0.687964 0.209716 0.095490 0.098643
0 0.833411 0.234213 0.105927 0.085204
0 0.061521 0.080926 0.026152 0.040174
