0 0.245411 0.043593 0.026823 0.033456
0 0.299188 0.046556 0.026375 0.034641
0 0.445745 0.354509 0.105260 0.145648
0 0.238854 0.080333 0.031042 0.033456
0 0.278187 0.070062 0.031938 0.046098
0 0.325411 0.065717 0.027260 0.032667
1 0.311406 0.340287 0.077042 0.143278
0 0.147521 0.324880 0.061271 0.097463
0 0.249969 0.562898 0.107042 0.177648
1 0.333078 0.091198 0.045260 0.064667
0 0.305969 0.116481 0.040375 0.038593
0 0.448969 0.093766 0.042375 0.048469
0 0.209854 0.152630 0.039708 0.052419
1 0.462073 0.156781 0.065042 0.066254
0 0.513078 0.140185 0.052823 0.059926
0 0.597187 0.221370 0.075271 0.069815
0 0.518073 0.228287 0.066375 0.070981
0 0.053966 0.185818 0.044375 0.062698
0 0.021819 0.110358 0.041555 0.045309
0 0.117965 0.089815 0.031486 0.043730
0 0.861521 0.345222 0.139042 0.106556
0 0.959411 0.329222 0.083260 0.092704
