0 0.348187 0.110556 0.039938 0.044122
0 0.730521 0.864380 0.252146 0.274944
0 0.460964 0.376824 0.097490 0.123130
0 0.446521 0.152432 0.051271 0.054394
1 0.579297 0.159738 0.071927 0.085598
0 0.195078 0.384731 0.081260 0.122352
0 0.473187 0.195688 0.079271 0.072957
0 0.643521 0.160136 0.062604 0.065061
0 0.282302 0.222157 0.061042 0.079278
0 0.595521 0.271343 0.089271 0.087574
0 0.153854 0.182062 0.041479 0.061506
0 0.747188 0.290500 0.104146 0.091926
0 0.793854 0.263639 0.101938 0.084019
0 0.856188 0.237963 0.086604 0.076926
