0 0.277078 0.038654 0.030594 0.036222
0 0.225745 0.059790 0.032823 0.034246
1 0.654188 0.517870 0.158146 0.240074
0 0.325854 0.385324 0.095708 0.133019
0 0.206635 0.445565 0.096375 0.146833
0 0.325411 0.056235 0.033927 0.046889
0 0.362635 0.279648 0.079042 0.102593
0 0.238073 0.255944 0.069042 0.090741
0 0.314073 0.101074 0.041042 0.045704
0 0.351078 0.090210 0.046594 0.052420
0 0.449297 0.077370 0.042156 0.046493
0 0.091853 0.185618 0.044149 0.068617
0 0.458630 0.177719 0.067927 0.062302
0 0.662411 0.231843 0.098156 0.079685
0 0.099521 0.108778 0.036375 0.048470
0 0.689297 0.297222 0.087490 0.087185
0 0.079298 0.072630 0.026153 0.040174
