0 0.253411 0.042803 0.025490 0.035828
0 0.307854 0.048333 0.027708 0.033456
0 0.932745 0.821861 0.136594 0.225463
0 0.406630 0.320333 0.095927 0.135778
0 0.248630 0.085864 0.031927 0.034246
0 0.290187 0.074606 0.032813 0.045704
0 0.340187 0.068679 0.029271 0.032272
1 0.281187 0.305917 0.071708 0.130648
0 0.133521 0.296435 0.058146 0.090352
0 0.214188 0.496926 0.093271 0.157889
0 0.212188 0.898157 0.165271 0.207389
1 0.347521 0.096333 0.047042 0.068619
0 0.320521 0.123791 0.043271 0.039778
0 0.469297 0.099889 0.045260 0.047285
0 0.197740 0.140581 0.037708 0.051235
1 0.486969 0.168630 0.069042 0.069407
0 0.543297 0.150061 0.056823 0.059926
0 0.632078 0.236583 0.078823 0.073352
0 0.556740 0.248833 0.073042 0.076519
0 0.047076 0.170206 0.043042 0.057550
0 0.019597 0.102852 0.037111 0.046100
0 0.110408 0.080333 0.028372 0.038989
0 0.929745 0.382361 0.142594 0.113648
