0 0.253411 0.040431 0.027260 0.035037
0 0.236188 0.055839 0.027938 0.035037
1 0.511964 0.405870 0.131927 0.165407
0 0.242188 0.079939 0.034604 0.032667
0 0.439521 0.113519 0.050146 0.051630
0 0.383297 0.151050 0.055927 0.046889
0 0.381297 0.119643 0.050594 0.045704
1 0.213969 0.158361 0.048375 0.079685
0 0.120187 0.152630 0.041708 0.056370
0 0.051521 0.174361 0.043042 0.061907
0 0.574411 0.162308 0.064823 0.060717
0 0.152411 0.110358 0.036823 0.043728
0 0.092077 0.109963 0.032597 0.046889
0 0.624964 0.271343 0.098823 0.072574
0 0.721302 0.267787 0.112375 0.091537
0 0.948078 0.265426 0.105927 0.083630
