0 0.382187 0.677870 0.144813 0.232963
0 0.661745 0.742657 0.199927 0.251130
1 0.299854 0.037864 0.025937 0.044913
0 0.275406 0.045568 0.022375 0.041357
0 0.218187 0.050308 0.027042 0.031087
0 0.399188 0.460389 0.109479 0.167778
0 0.553297 0.431546 0.127490 0.161463
0 0.252854 0.263444 0.057708 0.075741
0 0.152630 0.309463 0.061260 0.094296
0 0.327078 0.091000 0.030594 0.037407
0 0.247187 0.083099 0.025479 0.034246
0 0.304969 0.226704 0.058375 0.077296
0 0.036264 0.317565 0.070445 0.092315
0 0.305635 0.105617 0.038375 0.039778
0 0.384969 0.093568 0.042375 0.042543
1 0.170630 0.183244 0.046594 0.085994
0 0.418745 0.167046 0.057927 0.049648
0 0.633187 0.175938 0.065479 0.066643
0 0.043854 0.115099 0.027708 0.043728
1 0.078632 0.077963 0.028820 0.050841
0 0.111077 0.068680 0.022597 0.033852
0 0.872630 0.415741 0.146594 0.114037
