0 0.560073 0.638556 0.159708 0.207296
0 0.278635 0.575935 0.112375 0.174500
0 0.400302 0.131099 0.045042 0.053606
0 0.366411 0.411593 0.091927 0.130259
0 0.461635 0.126951 0.051708 0.057950
0 0.372297 0.151839 0.046823 0.049259
1 0.409964 0.296435 0.071927 0.126685
0 0.576964 0.138210 0.053490 0.054394
0 0.614521 0.176331 0.066375 0.057154
0 0.510964 0.218799 0.070823 0.069402
0 0.618969 0.226111 0.081042 0.072185
0 0.706521 0.184432 0.071708 0.070987
0 0.042854 0.264630 0.049708 0.082037
0 0.110854 0.206157 0.043042 0.068611
0 0.804188 0.259093 0.098604 0.086000
0 0.739411 0.348389 0.110823 0.090741
0 0.155297 0.159741 0.045260 0.068222
