0 0.285073 0.046950 0.033708 0.033852
1 0.870745 0.676880 0.225490 0.339241
0 0.571187 0.633417 0.167708 0.214389
1 0.197969 0.534648 0.141708 0.283926
0 0.374964 0.279639 0.093490 0.115241
0 0.349964 0.049519 0.032823 0.035037
0 0.249964 0.083494 0.038156 0.038987
0 0.206854 0.242500 0.068375 0.097852
0 0.458854 0.109568 0.049708 0.047680
0 0.398073 0.116481 0.050375 0.055974
0 0.383521 0.148087 0.055479 0.048074
0 0.104521 0.124185 0.041042 0.054789
0 0.799854 0.245269 0.105042 0.089167
0 0.950411 0.401120 0.101260 0.100611
