0 0.550964 0.714213 0.202823 0.323833
0 0.744188 0.619194 0.178604 0.238093
0 0.204635 0.068679 0.033708 0.040172
0 0.140187 0.333963 0.077708 0.110889
0 0.227187 0.048729 0.031708 0.042939
1 0.351187 0.071050 0.037479 0.048074
0 0.251854 0.309861 0.076146 0.102981
0 0.142745 0.200632 0.048156 0.068624
0 0.251521 0.196877 0.067042 0.095876
0 0.437854 0.085271 0.043271 0.044913
0 0.338854 0.103840 0.043042 0.055976
0 0.406302 0.159148 0.059708 0.059926
0 0.047854 0.175938 0.040598 0.059531
0 0.131410 0.898954 0.164597 0.205796
0 0.635297 0.192731 0.081260 0.067833
0 0.694078 0.262259 0.094823 0.074926
0 0.676969 0.317370 0.113042 0.086407
0 0.858411 0.235194 0.103927 0.080870
0 0.920745 0.306111 0.117927 0.093889
1 0.098074 0.063345 0.031705 0.053209
0 0.050188 0.069074 0.025708 0.040174
