0 0.544964 0.904880 0.196594 0.193944
1 0.277745 0.034506 0.022156 0.041358
0 0.256630 0.042407 0.022156 0.041359
0 0.547745 0.636981 0.159927 0.250741
0 0.781078 0.621176 0.202156 0.258648
0 0.304411 0.326852 0.073260 0.104556
0 0.199411 0.394009 0.078823 0.116426
0 0.297187 0.082902 0.032146 0.031481
0 0.219964 0.074012 0.028823 0.033457
0 0.373297 0.287343 0.075490 0.092722
0 0.068854 0.432528 0.077708 0.130241
0 0.268297 0.092778 0.036594 0.035433
0 0.343297 0.080926 0.035490 0.039381
1 0.199964 0.228086 0.055490 0.104569
0 0.364964 0.144135 0.049927 0.043333
0 0.544964 0.149074 0.058823 0.061111
0 0.057743 0.138210 0.028820 0.051235
1 0.092188 0.096728 0.031042 0.055185
0 0.126630 0.084877 0.026594 0.039383
0 0.698854 0.325870 0.111042 0.090741
