0 0.485406 0.820333 0.231708 0.363037
0 0.602302 0.666407 0.167708 0.216370
0 0.651411 0.531694 0.148594 0.167389
0 0.223969 0.914361 0.151042 0.174981
0 0.408969 0.138803 0.042375 0.050050
0 0.483078 0.128136 0.053260 0.052420
0 0.385745 0.157370 0.050594 0.053211
0 0.271188 0.301565 0.064604 0.097463
0 0.138187 0.292685 0.055042 0.090741
0 0.573411 0.208731 0.069927 0.071389
0 0.205740 0.226907 0.051042 0.072963
0 0.653854 0.199049 0.080146 0.079680
0 0.610078 0.270954 0.080594 0.073352
1 0.256521 0.174756 0.044604 0.077709
0 0.850630 0.226704 0.091490 0.082037
