0 0.264188 0.041222 0.027479 0.034248
0 0.196188 0.055050 0.031042 0.032667
0 0.357078 0.413769 0.107927 0.135389
0 0.359297 0.075197 0.038156 0.045309
0 0.353635 0.106407 0.043708 0.046889
0 0.440188 0.053210 0.100375 0.102717
1 0.240964 0.175540 0.058823 0.077698
0 0.405745 0.160531 0.054594 0.054791
0 0.688406 0.204583 0.089708 0.070204
0 0.656745 0.295444 0.103260 0.082037
0 0.697630 0.263639 0.101490 0.080870
1 0.120854 0.081320 0.033271 0.052815
0 0.064410 0.087444 0.027930 0.045307
0 0.012597 0.099889 0.023111 0.044122
