0 0.401964 0.529120 0.142156 0.221500
0 0.563078 0.474602 0.123490 0.164611
0 0.224297 0.054655 0.026823 0.029506
0 0.225854 0.082111 0.032604 0.035433
1 0.272745 0.040037 0.033490 0.037407
0 0.115408 0.296231 0.069039 0.094685
0 0.252188 0.065123 0.037271 0.042543
1 0.382411 0.085469 0.036823 0.046098
0 0.207969 0.265426 0.068375 0.088370
0 0.120077 0.180083 0.044597 0.063870
0 0.216297 0.174157 0.061490 0.080463
0 0.482635 0.107593 0.049708 0.051630
0 0.382302 0.125766 0.046375 0.057950
0 0.461854 0.197472 0.071271 0.072574
0 0.036076 0.159544 0.038375 0.056765
0 0.068818 0.694056 0.135552 0.249556
0 0.716411 0.231639 0.095927 0.083241
0 0.831078 0.339889 0.124823 0.107741
0 0.815411 0.399148 0.138823 0.100630
0 0.967411 0.292685 0.067260 0.074148
