0 0.827740 0.887102 0.249708 0.229500
0 0.302630 0.037469 0.022156 0.028320
1 0.282745 0.047346 0.025927 0.038593
0 0.207969 0.281620 0.071042 0.123130
0 0.314630 0.252574 0.070156 0.094296
0 0.304745 0.082704 0.033927 0.037407
0 0.307745 0.118456 0.042156 0.040172
1 0.365854 0.062753 0.043708 0.048865
0 0.071298 0.203991 0.051486 0.071389
0 0.356630 0.106803 0.051490 0.059531
1 0.502188 0.131296 0.051937 0.072963
0 0.131740 0.162506 0.047042 0.057950
0 0.074410 0.123395 0.033264 0.050050
0 0.150188 0.107197 0.043042 0.057950
0 0.676630 0.171392 0.077260 0.067031
0 0.578187 0.212083 0.079042 0.085204
0 0.717630 0.326056 0.120156 0.110889
0 0.015042 0.107593 0.028000 0.042937
0 0.016264 0.323102 0.030445 0.108907
