0 0.270521 0.043000 0.026812 0.031481
0 0.253188 0.060185 0.032146 0.035037
1 0.430964 0.334167 0.109490 0.142889
0 0.266187 0.087049 0.035479 0.038987
0 0.473630 0.122605 0.053927 0.054791
0 0.420964 0.166454 0.057490 0.046093
0 0.420964 0.136630 0.057927 0.051233
1 0.191187 0.138407 0.043708 0.071381
0 0.108078 0.135247 0.038823 0.055580
0 0.042188 0.158160 0.042598 0.057161
0 0.629188 0.186407 0.075708 0.074148
0 0.138302 0.096135 0.031708 0.044519
0 0.081854 0.097717 0.031708 0.044519
0 0.708411 0.307889 0.110594 0.083222
0 0.823630 0.313417 0.136156 0.106944
