0 0.930630 0.948528 0.140823 0.106648
0 0.275521 0.517074 0.109708 0.172926
0 0.245188 0.071049 0.039708 0.034643
0 0.330078 0.083692 0.044156 0.041754
0 0.245745 0.278852 0.069260 0.089963
0 0.331740 0.109173 0.037708 0.041357
0 0.135521 0.153222 0.043937 0.060715
0 0.428078 0.165469 0.060156 0.056765
0 0.497521 0.158553 0.058604 0.059524
0 0.551187 0.146506 0.058813 0.063087
0 0.597964 0.129123 0.059927 0.055976
0 0.087078 0.078556 0.068823 0.119185
0 0.159297 0.098506 0.036823 0.042939
1 0.756297 0.222160 0.105490 0.095087
0 0.020597 0.121222 0.039111 0.055185
0 0.759411 0.340481 0.124594 0.091519
0 0.867964 0.330204 0.126594 0.112074
