0 0.349521 0.111346 0.039042 0.048074
0 0.419745 0.106803 0.044823 0.050839
0 0.320964 0.124778 0.041927 0.048074
0 0.370297 0.412574 0.093490 0.127481
0 0.189188 0.394602 0.074375 0.119981
0 0.472964 0.157173 0.054823 0.055976
0 0.270411 0.296231 0.066156 0.094685
0 0.540969 0.153420 0.063708 0.065852
0 0.465964 0.197077 0.064823 0.061513
1 0.319406 0.224336 0.054375 0.104180
0 0.689745 0.172188 0.069260 0.063883
0 0.758854 0.229074 0.087938 0.076519
0 0.704854 0.312833 0.110604 0.090741
0 0.807297 0.305917 0.117260 0.100611
0 0.879630 0.238157 0.100156 0.086796
0 0.027299 0.200831 0.040819 0.065857
