0 0.387521 0.835889 0.180813 0.264556
0 0.255411 0.318352 0.085490 0.114444
0 0.243187 0.085864 0.038375 0.038987
0 0.301854 0.078753 0.038375 0.041357
0 0.213297 0.052284 0.027490 0.031876
0 0.287297 0.037074 0.028823 0.029111
0 0.284740 0.057025 0.033042 0.035828
0 0.235411 0.037667 0.025927 0.031878
0 0.483854 0.131296 0.049937 0.054000
0 0.425854 0.173370 0.070813 0.059926
0 0.075188 0.228685 0.049931 0.071778
0 0.198078 0.163294 0.053490 0.066635
0 0.098522 0.141963 0.044601 0.054789
0 0.137630 0.106013 0.037490 0.044519
0 0.013153 0.109765 0.024222 0.045704
0 0.882073 0.351537 0.131708 0.119185
0 0.015264 0.320722 0.028445 0.102593
