0 0.611630 0.868139 0.227260 0.267426
0 0.178406 0.051099 0.027042 0.027135
0 0.224297 0.048136 0.027260 0.037802
0 0.266078 0.050111 0.029490 0.035433
0 0.264969 0.033914 0.026375 0.032272
0 0.339745 0.352333 0.214594 0.329370
0 0.707521 0.583444 0.180813 0.202148
1 0.328854 0.066308 0.038146 0.044124
0 0.290411 0.867741 0.171927 0.268222
0 0.270854 0.094951 0.036813 0.036617
0 0.305297 0.086655 0.038156 0.042939
0 0.396188 0.124975 0.051937 0.057161
0 0.481521 0.127544 0.051937 0.054394
0 0.559854 0.158558 0.063708 0.060328
0 0.135630 0.165271 0.041927 0.059531
0 0.199854 0.147691 0.044604 0.055185
0 0.070743 0.181669 0.042375 0.063883
0 0.532630 0.121222 0.058156 0.053604
0 0.129188 0.086259 0.034813 0.046889
0 0.604630 0.270167 0.090594 0.076519
0 0.708854 0.258509 0.099042 0.087981
0 0.804969 0.250019 0.094375 0.088370
1 0.068854 0.079741 0.026598 0.049656
0 0.015375 0.092975 0.028667 0.036617
0 0.011264 0.123198 0.020445 0.045704
0 0.009486 0.197868 0.016889 0.059931
1 0.954411 0.376630 0.093260 0.156704
