0 0.262745 0.031544 0.029927 0.039383
0 0.209411 0.050308 0.029927 0.029506
1 0.858854 0.694259 0.224375 0.325815
0 0.394969 0.472037 0.114375 0.157889
0 0.259964 0.542157 0.115490 0.183574
0 0.299969 0.049321 0.031042 0.035431
0 0.425521 0.336731 0.093271 0.116426
0 0.279406 0.302157 0.074375 0.106537
0 0.289969 0.090803 0.037708 0.039383
0 0.322745 0.077963 0.038823 0.049259
0 0.412745 0.067099 0.036594 0.047283
0 0.107741 0.214262 0.051039 0.076920
0 0.409411 0.157963 0.063260 0.055185
0 0.583854 0.204380 0.085479 0.076907
0 0.113297 0.126357 0.039927 0.055185
0 0.602187 0.253759 0.071042 0.072963
0 0.086077 0.079938 0.032153 0.041357
0 0.891635 0.408824 0.154375 0.122352
0 0.978297 0.386111 0.045490 0.096667
