0 0.754302 0.874454 0.262375 0.254796
0 0.191078 0.055050 0.029260 0.032667
0 0.170187 0.380778 0.081708 0.127074
1 0.326411 0.064136 0.035490 0.046098
0 0.303521 0.368333 0.094604 0.121963
0 0.169630 0.227296 0.053927 0.076926
0 0.292964 0.226898 0.077927 0.107722
0 0.402745 0.066901 0.039260 0.042939
0 0.304521 0.086062 0.038375 0.058346
0 0.365630 0.134456 0.056594 0.054791
0 0.064854 0.196479 0.043485 0.069006
0 0.575521 0.167053 0.073271 0.059931
0 0.601630 0.218016 0.078823 0.069413
0 0.588630 0.263444 0.095927 0.076519
0 0.759521 0.195494 0.089271 0.067828
0 0.820964 0.261269 0.110823 0.086389
1 0.111522 0.071840 0.035934 0.055976
0 0.060965 0.078753 0.027264 0.038198
