0 0.230745 0.060975 0.028594 0.041357
0 0.271411 0.078161 0.030823 0.038593
0 0.207078 0.072630 0.026594 0.033063
0 0.173411 0.382759 0.077927 0.114444
0 0.439745 0.378407 0.091490 0.123148
0 0.331964 0.109568 0.043490 0.040569
0 0.379302 0.100481 0.041708 0.044519
0 0.333078 0.129321 0.040823 0.043728
0 0.389635 0.169818 0.054375 0.044920
0 0.153078 0.180880 0.044823 0.063093
1 0.062187 0.161318 0.038598 0.070587
1 0.513302 0.146506 0.064375 0.074939
0 0.577745 0.147099 0.063927 0.057161
0 0.090741 0.113320 0.030372 0.043333
1 0.721521 0.234806 0.099937 0.088759
0 0.065632 0.092976 0.027264 0.037407
1 0.870854 0.241130 0.114604 0.106148
0 0.871188 0.354704 0.135708 0.112074
