0 0.311302 0.587593 0.127042 0.193852
0 0.233740 0.070852 0.033708 0.038196
0 0.312854 0.081124 0.041708 0.039778
0 0.269411 0.307296 0.076156 0.104963
0 0.311740 0.106013 0.037708 0.044519
0 0.141521 0.166058 0.047042 0.061106
0 0.402187 0.157370 0.059042 0.055581
0 0.468854 0.148876 0.054146 0.057556
0 0.521411 0.140185 0.057927 0.061507
0 0.562521 0.121617 0.057937 0.055185
0 0.091297 0.088630 0.070594 0.121952
0 0.167187 0.112333 0.041042 0.047678
1 0.710078 0.206556 0.098823 0.088370
0 0.022375 0.134456 0.042667 0.050839
0 0.696740 0.310056 0.113042 0.081259
0 0.800854 0.303343 0.115479 0.104167
