1 0.222188 0.041419 0.026604 0.047283
0 0.197188 0.060185 0.027708 0.029507
0 0.306078 0.045370 0.023260 0.031481
0 0.477188 0.378213 0.101042 0.124315
1 0.299406 0.080926 0.041042 0.055185
0 0.317188 0.066111 0.032146 0.041359
0 0.359411 0.112531 0.043260 0.047283
0 0.284969 0.104630 0.034375 0.043333
0 0.241073 0.505611 0.111042 0.161852
0 0.083853 0.211296 0.052149 0.067037
0 0.241635 0.192528 0.047708 0.065056
0 0.457740 0.158954 0.057708 0.057167
0 0.516630 0.147099 0.059927 0.053209
0 0.551078 0.219197 0.082156 0.074939
0 0.611630 0.280435 0.092156 0.074944
0 0.093301 0.103642 0.031045 0.045309
1 0.029410 0.101667 0.032153 0.057159
1 0.769411 0.235988 0.105490 0.112469
0 0.952188 0.281426 0.097708 0.096667
