0 0.326630 0.393620 0.106594 0.137759
0 0.220969 0.074407 0.031708 0.033456
0 0.273740 0.065320 0.037708 0.042148
0 0.196078 0.040827 0.023260 0.028717
0 0.268297 0.047345 0.033490 0.033061
0 0.440297 0.113519 0.041927 0.053211
0 0.374521 0.143938 0.061042 0.053209
0 0.100964 0.264824 0.053927 0.078500
0 0.235297 0.191540 0.062156 0.069402
0 0.122408 0.164086 0.048372 0.059531
0 0.159745 0.123790 0.039490 0.054791
0 0.020264 0.126951 0.038445 0.050050
0 0.747411 0.290306 0.105927 0.108130
0 0.029375 0.400139 0.056667 0.127870
