0 0.325854 0.060976 0.036604 0.046889
0 0.272078 0.084481 0.036594 0.040963
0 0.257969 0.056828 0.033708 0.040963
1 0.400854 0.299593 0.089271 0.138556
0 0.222406 0.256537 0.064375 0.089556
0 0.127853 0.298407 0.066816 0.092704
0 0.396630 0.086655 0.043927 0.046098
0 0.257630 0.191540 0.055260 0.069402
0 0.168297 0.179299 0.050823 0.063883
0 0.391740 0.143345 0.052375 0.049654
0 0.443854 0.133667 0.059708 0.055581
0 0.567187 0.120630 0.057479 0.051630
0 0.063076 0.137222 0.036375 0.056370
0 0.620188 0.267787 0.101271 0.085204
0 0.937630 0.366157 0.126823 0.105759
0 0.070521 0.080136 0.027708 0.037802
