0 0.274630 0.033914 0.026156 0.028320
0 0.614740 0.497120 0.154375 0.202537
0 0.211964 0.063741 0.027927 0.031878
0 0.247521 0.054852 0.026604 0.035433
0 0.292078 0.048333 0.024156 0.024767
1 0.443630 0.482306 0.114823 0.202944
0 0.208740 0.429176 0.082375 0.128278
0 0.428745 0.871694 0.174823 0.260315
1 0.293630 0.074012 0.039260 0.057161
0 0.266297 0.096531 0.035260 0.035828
0 0.396630 0.071246 0.035927 0.037407
0 0.258854 0.188975 0.049708 0.066643
1 0.402406 0.126357 0.053708 0.062296
0 0.438411 0.109765 0.040823 0.050444
0 0.508411 0.178306 0.063490 0.062685
0 0.424521 0.176926 0.055708 0.055185
0 0.082854 0.232630 0.052375 0.074148
0 0.039410 0.132087 0.037486 0.049259
0 0.143635 0.107593 0.033042 0.043730
0 0.693854 0.269565 0.106813 0.084019
0 0.787854 0.249417 0.101042 0.083241
