0 0.369411 0.119444 0.043260 0.049259
0 0.552188 0.713028 0.208813 0.308019
0 0.412745 0.332778 0.085490 0.116407
0 0.479969 0.170803 0.057708 0.065061
1 0.613297 0.171790 0.075490 0.086791
0 0.169411 0.333759 0.072156 0.102593
0 0.521078 0.218213 0.086594 0.080870
0 0.694411 0.178704 0.068823 0.061111
0 0.258854 0.200429 0.057708 0.072957
0 0.659964 0.309074 0.108823 0.104556
0 0.142745 0.171787 0.038823 0.059130
0 0.833854 0.328833 0.123271 0.108519
0 0.870521 0.294259 0.114375 0.098630
0 0.946078 0.264630 0.109927 0.086778
