0 0.214406 0.051296 0.024375 0.031481
0 0.438302 0.854509 0.194375 0.294685
0 0.258297 0.070062 0.032156 0.033457
0 0.297187 0.063148 0.032146 0.035433
0 0.228854 0.075988 0.028813 0.029506
0 0.281630 0.105618 0.036594 0.033457
0 0.257740 0.304139 0.071042 0.094685
1 0.113297 0.242898 0.053260 0.098648
1 0.379969 0.093766 0.044375 0.057161
0 0.408297 0.081913 0.032156 0.037407
0 0.143854 0.171790 0.043271 0.063087
1 0.502188 0.143148 0.059937 0.065063
0 0.108853 0.129321 0.035482 0.045309
1 0.562745 0.132283 0.063260 0.067037
0 0.542188 0.197469 0.068812 0.059135
0 0.036597 0.349574 0.071111 0.126296
0 0.107741 0.071050 0.024372 0.031481
1 0.014931 0.192534 0.027778 0.084820
0 0.825521 0.396972 0.153271 0.122352
0 0.950521 0.331787 0.101042 0.106537
