0 0.256188 0.033518 0.029271 0.032271
1 0.358411 0.856676 0.252823 0.290352
0 0.526411 0.405667 0.135927 0.174481
0 0.308078 0.036284 0.031260 0.036222
0 0.214964 0.064135 0.034823 0.037407
0 0.290854 0.337315 0.091479 0.138148
0 0.396740 0.086062 0.042375 0.052024
0 0.332187 0.084877 0.041271 0.049654
0 0.321521 0.112333 0.043937 0.046100
0 0.140521 0.158753 0.051271 0.065457
0 0.636302 0.181864 0.074375 0.076124
0 0.715078 0.275296 0.107927 0.089963
0 0.869078 0.172386 0.263927 0.212820
1 0.117967 0.072630 0.036378 0.050444
