0 0.503630 0.918704 0.201927 0.166296
0 0.447635 0.554602 0.127708 0.180019
0 0.837740 0.703343 0.244375 0.323426
0 0.223188 0.065123 0.032146 0.037013
0 0.168745 0.432528 0.080594 0.137352
0 0.369854 0.089815 0.041479 0.045307
0 0.331854 0.097123 0.041479 0.039383
0 0.326630 0.122803 0.046594 0.040172
0 0.456969 0.092975 0.045042 0.041357
0 0.491521 0.136235 0.056813 0.052815
1 0.211964 0.149077 0.052823 0.086402
0 0.136073 0.162901 0.042375 0.061902
0 0.082298 0.648037 0.117486 0.218333
1 0.040077 0.135643 0.047264 0.089556
0 0.142187 0.092581 0.036813 0.057950
0 0.672854 0.173762 0.068375 0.069402
0 0.563854 0.258306 0.077042 0.066241
0 0.059410 0.082308 0.031264 0.048469
