0 0.954964 0.823648 0.092156 0.209259
0 0.358854 0.115494 0.037708 0.049259
0 0.429411 0.111544 0.045490 0.053209
0 0.331630 0.131296 0.043260 0.049259
0 0.349964 0.390056 0.088823 0.120370
0 0.180521 0.376231 0.067708 0.116426
0 0.486630 0.164880 0.055490 0.057167
0 0.257745 0.281417 0.062156 0.088759
0 0.556635 0.159942 0.064375 0.067043
0 0.483297 0.208336 0.068823 0.065069
1 0.307740 0.214262 0.051042 0.100624
0 0.711078 0.178706 0.073260 0.065069
0 0.787188 0.240926 0.096604 0.078889
0 0.745521 0.331796 0.119938 0.090741
0 0.848297 0.321917 0.123260 0.106537
0 0.914964 0.248824 0.105490 0.098648
0 0.024965 0.192534 0.038819 0.061117
