0 0.209187 0.047148 0.025479 0.038989
0 0.245297 0.067889 0.027490 0.034641
0 0.184630 0.056828 0.024823 0.026741
0 0.249630 0.515889 0.107260 0.158704
0 0.619745 0.540778 0.142594 0.176074
0 0.297302 0.090606 0.033708 0.044519
0 0.338302 0.080333 0.035708 0.039778
0 0.277521 0.101469 0.035937 0.036222
0 0.334302 0.138605 0.045042 0.042543
0 0.189297 0.223741 0.053260 0.069815
1 0.082188 0.194312 0.045708 0.081265
1 0.445854 0.118852 0.051708 0.063085
0 0.491521 0.116283 0.046146 0.046889
0 0.110521 0.136630 0.031708 0.047285
1 0.609078 0.186806 0.078594 0.074944
0 0.083632 0.106802 0.031264 0.042148
1 0.705854 0.184630 0.084604 0.089556
0 0.692302 0.269167 0.097042 0.087185
0 0.019264 0.251593 0.036445 0.088370
