0 0.281187 0.040037 0.031271 0.035826
0 0.229297 0.061370 0.033260 0.034248
1 0.619302 0.489028 0.147042 0.226648
0 0.313411 0.369324 0.091260 0.127870
0 0.196964 0.427398 0.092594 0.139722
0 0.331302 0.058407 0.035042 0.046493
0 0.350073 0.268583 0.075708 0.099426
0 0.230297 0.248241 0.066823 0.089556
0 0.320297 0.104037 0.041490 0.046889
0 0.358406 0.093568 0.047042 0.053606
0 0.458078 0.080926 0.042823 0.047285
0 0.089078 0.180287 0.043490 0.069019
0 0.470406 0.183639 0.071042 0.063870
0 0.682635 0.240731 0.101708 0.081648
0 0.096967 0.106606 0.035711 0.048074
0 0.712078 0.309870 0.092156 0.089556
0 0.078410 0.071049 0.026153 0.040172
