0 0.558854 0.885120 0.213271 0.233463
0 0.719406 0.797963 0.214375 0.268519
0 0.764969 0.624139 0.181042 0.205315
0 0.387187 0.129320 0.045479 0.049259
0 0.461630 0.122407 0.049927 0.055185
0 0.361630 0.146111 0.049927 0.051233
0 0.297745 0.331787 0.073260 0.106537
0 0.152745 0.321917 0.058823 0.094685
0 0.538297 0.188583 0.065490 0.069019
0 0.223297 0.243889 0.053260 0.076926
0 0.613854 0.181669 0.072146 0.070994
0 0.554411 0.239935 0.073260 0.065056
1 0.273854 0.189568 0.047708 0.086791
0 0.791630 0.203395 0.085490 0.070987
0 0.898854 0.282407 0.113271 0.094704
0 0.932745 0.433519 0.136594 0.116407
0 0.970521 0.377222 0.061042 0.082852
