0 0.488854 0.880185 0.195479 0.243333
0 0.417187 0.091791 0.034375 0.037407
0 0.459411 0.121419 0.045490 0.053209
0 0.329406 0.130308 0.041042 0.047283
0 0.693854 0.556972 0.161042 0.193463
1 0.486635 0.502657 0.157708 0.278389
0 0.249411 0.262657 0.056594 0.082833
0 0.323297 0.229074 0.055490 0.074926
0 0.642745 0.180682 0.078823 0.084820
0 0.170521 0.173762 0.043271 0.067031
0 0.217188 0.149074 0.038812 0.053211
0 0.032743 0.179688 0.036597 0.055180
0 0.094964 0.157963 0.036594 0.055185
0 0.976630 0.322907 0.048823 0.084815
