0 0.260521 0.040431 0.025479 0.037407
0 0.168854 0.045370 0.031042 0.035433
0 0.627745 0.760435 0.213260 0.276426
0 0.568297 0.476981 0.138823 0.155926
0 0.203302 0.446361 0.097708 0.153944
0 0.327187 0.098704 0.043271 0.051233
0 0.227745 0.196484 0.055490 0.076920
0 0.164410 0.847593 0.186597 0.308519
0 0.149964 0.124382 0.039927 0.051235
0 0.586073 0.176729 0.074375 0.065061
0 0.509411 0.220185 0.078823 0.084815
0 0.696630 0.189571 0.075490 0.067043
0 0.059965 0.097717 0.033264 0.049259
0 0.943297 0.270556 0.115490 0.086778
