0 0.251411 0.042605 0.025490 0.034643
0 0.305854 0.048333 0.027708 0.033456
0 0.946630 0.841028 0.108823 0.212426
0 0.413854 0.327046 0.097937 0.138944
0 0.247078 0.084876 0.031490 0.033852
0 0.287854 0.073815 0.033042 0.046493
0 0.337297 0.066901 0.027927 0.031876
1 0.286969 0.312426 0.073042 0.133407
0 0.136188 0.301769 0.059042 0.091537
0 0.220411 0.509167 0.095490 0.161852
0 0.219411 0.910407 0.168156 0.182889
1 0.344297 0.095544 0.046823 0.067828
0 0.317745 0.121617 0.042156 0.038593
0 0.464630 0.098308 0.044823 0.047283
0 0.199969 0.143345 0.037708 0.051235
1 0.481521 0.166256 0.068375 0.070191
0 0.537188 0.148087 0.056146 0.057556
0 0.624635 0.232824 0.077708 0.072167
0 0.548073 0.243889 0.070375 0.073741
0 0.048521 0.172975 0.043708 0.058346
0 0.020042 0.104235 0.038000 0.045704
0 0.111856 0.082111 0.028601 0.040174
0 0.913406 0.373861 0.138375 0.110093
