0 0.494187 0.719546 0.174146 0.244426
0 0.190745 0.054655 0.029490 0.031087
0 0.237969 0.052481 0.028375 0.032270
0 0.279687 0.052877 0.031813 0.035431
0 0.280078 0.036087 0.028594 0.030296
0 0.298411 0.302164 0.184823 0.287487
0 0.590964 0.482111 0.142823 0.163815
1 0.350078 0.072827 0.037927 0.045309
0 0.223521 0.687546 0.127479 0.223093
0 0.290521 0.103840 0.042375 0.040172
0 0.327854 0.094951 0.041479 0.043728
0 0.427521 0.138210 0.053271 0.063087
0 0.517297 0.143345 0.055927 0.059135
0 0.598630 0.171794 0.067927 0.062302
0 0.123301 0.148284 0.039045 0.052420
0 0.184969 0.133271 0.039708 0.052420
0 0.060743 0.161713 0.037486 0.055574
0 0.575078 0.133272 0.062156 0.054000
0 0.121964 0.076975 0.035490 0.044913
0 0.674302 0.303343 0.103708 0.085204
0 0.785078 0.288926 0.111490 0.099037
0 0.892078 0.278852 0.110823 0.098630
1 0.063743 0.071049 0.024820 0.048865
0 0.013042 0.084877 0.024000 0.030691
0 0.009042 0.115296 0.016000 0.040174
