0 0.274521 0.038062 0.025937 0.026346
0 0.709745 0.582657 0.167927 0.188722
1 0.278187 0.055840 0.028813 0.038987
0 0.263745 0.071840 0.034156 0.040172
0 0.313635 0.097123 0.035708 0.044124
0 0.242297 0.088432 0.029490 0.037013
0 0.476406 0.870509 0.205708 0.262685
0 0.116741 0.278065 0.061039 0.084426
0 0.313745 0.261472 0.064823 0.086796
0 0.387964 0.132481 0.048823 0.050841
0 0.443078 0.120432 0.050594 0.046494
0 0.424854 0.171000 0.058604 0.052815
0 0.483854 0.218009 0.067708 0.058352
0 0.117964 0.139000 0.037260 0.047285
1 0.043632 0.128728 0.033042 0.057556
1 0.625745 0.187794 0.083927 0.087191
0 0.742740 0.203988 0.082375 0.072172
0 0.069187 0.089815 0.026375 0.038989
1 0.930745 0.314204 0.140594 0.115630
0 0.044076 0.073617 0.023708 0.037407
