0 0.359740 0.478157 0.121708 0.201759
0 0.509745 0.429963 0.109260 0.148037
0 0.234297 0.057815 0.028156 0.032667
0 0.233635 0.087642 0.035708 0.037013
1 0.282073 0.044382 0.034375 0.041357
0 0.108078 0.280824 0.064156 0.093907
0 0.263521 0.071840 0.038604 0.044913
1 0.395302 0.090209 0.037708 0.049259
0 0.193297 0.246852 0.064823 0.082852
0 0.110965 0.169818 0.041486 0.059143
0 0.204297 0.162706 0.058823 0.078106
0 0.502854 0.115099 0.051937 0.050839
0 0.401854 0.136432 0.048146 0.060320
0 0.487630 0.210111 0.072156 0.074148
0 0.024597 0.149271 0.047111 0.052024
0 0.054599 0.605963 0.107115 0.201370
0 0.752188 0.249019 0.100812 0.089556
0 0.894188 0.371102 0.130146 0.110093
0 0.880521 0.437074 0.148146 0.119593
