0 0.222745 0.048333 0.029927 0.033456
0 0.796078 0.882157 0.269927 0.239389
0 0.214964 0.064135 0.025490 0.037407
0 0.235521 0.325861 0.071042 0.110500
0 0.260521 0.091791 0.038812 0.037407
0 0.315521 0.087840 0.035479 0.041357
0 0.362187 0.083889 0.039938 0.041359
0 0.374411 0.065123 0.033260 0.039383
0 0.164411 0.168827 0.106594 0.175680
0 0.297187 0.228083 0.067708 0.080870
1 0.463302 0.112531 0.057708 0.051235
0 0.091074 0.285370 0.057705 0.088778
0 0.412187 0.165864 0.055479 0.051235
0 0.468854 0.156979 0.057708 0.061117
0 0.648854 0.236981 0.088813 0.090741
0 0.762188 0.235981 0.088813 0.084815
0 0.887745 0.306111 0.119927 0.094704
0 0.067743 0.087840 0.028820 0.041357
0 0.117745 0.081913 0.028823 0.037407
0 0.016042 0.088828 0.030000 0.043333
0 0.914406 0.253759 0.117708 0.084815
