0 0.401073 0.712241 0.152375 0.244815
0 0.704187 0.794009 0.215479 0.271685
1 0.296297 0.036679 0.026823 0.044124
0 0.272964 0.043988 0.022823 0.041357
0 0.215740 0.048333 0.025708 0.030296
0 0.416521 0.480537 0.113042 0.179630
0 0.578854 0.453269 0.135937 0.176463
0 0.259745 0.270944 0.059927 0.081259
0 0.157964 0.318157 0.063927 0.097463
0 0.322411 0.089420 0.031927 0.037407
0 0.242745 0.079544 0.025490 0.031876
0 0.313854 0.231843 0.061937 0.078093
0 0.038931 0.330602 0.075778 0.099426
0 0.300297 0.103642 0.037490 0.040569
0 0.378297 0.091198 0.040594 0.040963
1 0.175297 0.188386 0.048823 0.088376
0 0.410745 0.161519 0.056156 0.046493
0 0.619630 0.172386 0.063260 0.065857
0 0.046076 0.118259 0.027708 0.048470
1 0.080410 0.079938 0.028820 0.050050
0 0.113298 0.069864 0.023486 0.034643
0 0.844635 0.399935 0.137708 0.109315
