0 0.918411 0.832731 0.165260 0.269315
0 0.241745 0.033913 0.030156 0.031481
0 0.294187 0.038456 0.026146 0.031087
0 0.458745 0.525574 0.138823 0.203333
0 0.348521 0.054655 0.022812 0.029506
1 0.335854 0.069469 0.031708 0.044124
0 0.148406 0.202016 0.051042 0.087191
0 0.237521 0.180090 0.051937 0.067043
0 0.374854 0.115296 0.042146 0.042544
0 0.382073 0.156581 0.053042 0.052420
1 0.448188 0.090802 0.055042 0.059926
0 0.049521 0.165269 0.043042 0.065056
0 0.453964 0.149667 0.066594 0.066248
1 0.613078 0.174753 0.063927 0.083235
0 0.097743 0.124778 0.038597 0.045704
0 0.051743 0.094357 0.032820 0.040963
0 0.117189 0.078556 0.037934 0.052026
0 0.884630 0.241519 0.110156 0.081667
0 0.807411 0.318759 0.121927 0.119185
