0 0.273854 0.029568 0.023271 0.031482
0 0.632745 0.729815 0.205490 0.302111
0 0.319406 0.040432 0.021042 0.033457
1 0.304411 0.055246 0.033260 0.043333
0 0.176078 0.241907 0.063260 0.108519
0 0.276078 0.219194 0.056594 0.082833
0 0.330521 0.095741 0.038812 0.045307
0 0.338297 0.129321 0.043260 0.041357
1 0.397745 0.073025 0.048823 0.051235
0 0.061632 0.183642 0.049930 0.063087
0 0.393302 0.123394 0.057708 0.061111
1 0.543854 0.147099 0.058813 0.076913
0 0.116077 0.146111 0.043264 0.055185
0 0.063854 0.109568 0.034375 0.041357
0 0.135521 0.092778 0.039938 0.055185
0 0.752745 0.196481 0.089927 0.072963
0 0.657187 0.251796 0.092146 0.096667
0 0.834969 0.391046 0.141042 0.130241
0 0.011042 0.096728 0.020000 0.043333
