0 0.406521 0.705917 0.191271 0.323833
0 0.513630 0.567648 0.133490 0.178444
0 0.566078 0.458213 0.124594 0.151574
0 0.180630 0.797176 0.132823 0.255093
0 0.431188 0.149469 0.045042 0.050839
0 0.505964 0.138802 0.058156 0.056370
0 0.411297 0.171590 0.055490 0.054783
0 0.248740 0.277074 0.059708 0.089556
0 0.127521 0.271343 0.052375 0.084426
0 0.614740 0.228870 0.077042 0.075333
0 0.190411 0.210706 0.046156 0.072180
0 0.698964 0.219201 0.084156 0.083635
0 0.670078 0.308481 0.093927 0.085222
1 0.239630 0.163692 0.040156 0.079283
0 0.913078 0.249222 0.099927 0.082852
