0 0.285521 0.031741 0.020375 0.032667
1 0.264635 0.041222 0.027042 0.038989
0 0.244635 0.328037 0.080375 0.139333
0 0.362521 0.289519 0.073938 0.094704
0 0.281521 0.075593 0.032813 0.034248
0 0.283521 0.107987 0.041708 0.037407
1 0.337854 0.059197 0.038375 0.048865
0 0.081743 0.225519 0.054597 0.075741
0 0.326411 0.095741 0.047490 0.053211
1 0.465969 0.116284 0.047042 0.065061
0 0.150411 0.185815 0.049260 0.065852
0 0.087522 0.135642 0.035934 0.050839
0 0.166073 0.121618 0.047708 0.065457
0 0.613745 0.150259 0.067927 0.054789
0 0.510969 0.182065 0.063708 0.079685
0 0.630745 0.280630 0.096156 0.095889
0 0.018708 0.117271 0.035333 0.046494
0 0.025708 0.384926 0.049333 0.129074
0 0.943411 0.326852 0.115260 0.104556
