0 0.458411 0.844481 0.190823 0.253296
0 0.209240 0.061271 0.032708 0.034839
0 0.278187 0.070754 0.037271 0.038000
0 0.353854 0.408037 0.098812 0.127889
0 0.276745 0.090803 0.030823 0.037802
0 0.165078 0.207148 0.051490 0.077704
0 0.347635 0.133469 0.046375 0.050444
0 0.409745 0.127544 0.046594 0.054394
0 0.459406 0.118655 0.050375 0.057161
0 0.488302 0.101271 0.047708 0.048469
0 0.109856 0.110951 0.080601 0.139728
0 0.198964 0.141370 0.045927 0.055974
1 0.611411 0.172581 0.078823 0.080469
0 0.038743 0.172979 0.043264 0.062302
0 0.576187 0.250796 0.087938 0.074148
0 0.661964 0.243500 0.093260 0.087185
0 0.962745 0.396981 0.076594 0.114444
