0 0.417854 0.808435 0.173479 0.264167
1 0.243745 0.050506 0.035490 0.052815
0 0.219297 0.072234 0.030594 0.034643
0 0.334187 0.052680 0.027042 0.037407
0 0.376745 0.288333 0.073490 0.096259
1 0.329745 0.094357 0.043490 0.050444
0 0.354297 0.076778 0.034823 0.042937
0 0.405188 0.129519 0.048146 0.050444
0 0.324635 0.121617 0.037708 0.040963
0 0.160630 0.371296 0.076823 0.116037
0 0.067632 0.177914 0.043264 0.057950
0 0.201411 0.155593 0.040594 0.060715
0 0.523188 0.188778 0.071708 0.067037
0 0.590411 0.169423 0.071927 0.064672
0 0.686635 0.277861 0.100375 0.084019
0 0.750521 0.354704 0.125042 0.093111
0 0.079187 0.088432 0.030375 0.041754
1 0.019153 0.087247 0.036222 0.051235
1 0.927411 0.291093 0.147260 0.133407
