0 0.598630 0.504241 0.156823 0.174889
0 0.275078 0.041815 0.031490 0.033852
0 0.334521 0.046556 0.032146 0.037804
0 0.305964 0.351944 0.093260 0.142889
0 0.398630 0.062161 0.036823 0.035037
1 0.397630 0.088827 0.037490 0.051235
0 0.114967 0.149469 0.042378 0.068222
0 0.187188 0.130704 0.040146 0.057556
0 0.456411 0.147889 0.054594 0.055581
0 0.474521 0.201219 0.069479 0.061894
1 0.546854 0.119840 0.068812 0.069802
0 0.104856 0.654167 0.114601 0.202148
0 0.033299 0.129717 0.037708 0.046889
0 0.579297 0.203395 0.090594 0.092320
1 0.751302 0.226312 0.084375 0.100228
0 0.073632 0.093568 0.034375 0.041754
0 0.033188 0.074013 0.027708 0.032667
