0 0.307188 0.052086 0.028604 0.037013
0 0.221630 0.065519 0.036156 0.041752
0 0.340187 0.688139 0.137271 0.212426
0 0.627406 0.547685 0.179708 0.200963
0 0.321854 0.390657 0.101938 0.124722
0 0.343187 0.277472 0.079708 0.095093
0 0.109521 0.267593 0.061708 0.091148
0 0.416745 0.134259 0.049490 0.060715
0 0.161854 0.128136 0.037479 0.054791
0 0.040597 0.419889 0.079111 0.164222
0 0.113853 0.081914 0.034816 0.041357
0 0.802078 0.259296 0.114823 0.086407
0 0.824411 0.379194 0.149260 0.127870
0 0.955187 0.282602 0.091708 0.104574
