0 0.155521 0.415148 0.084812 0.129444
0 0.574302 0.495537 0.147708 0.170148
0 0.135745 0.183840 0.055490 0.069802
0 0.331406 0.129123 0.049042 0.047283
0 0.403521 0.113716 0.053708 0.059135
0 0.275411 0.079544 0.033927 0.035828
0 0.348854 0.058210 0.035937 0.038198
0 0.346630 0.078950 0.040823 0.040963
0 0.282969 0.053074 0.034375 0.034248
0 0.663297 0.206947 0.077260 0.071772
0 0.665411 0.301370 0.122823 0.101815
0 0.021819 0.146111 0.041555 0.050444
0 0.122078 0.097519 0.040156 0.048863
0 0.049076 0.085667 0.033708 0.038593
0 0.082743 0.060975 0.029042 0.031876
