1 0.144521 0.664824 0.131708 0.293019
0 0.478630 0.560333 0.142594 0.186741
0 0.502297 0.098506 0.049490 0.050839
0 0.587635 0.467889 0.131708 0.161444
0 0.314411 0.587593 0.120823 0.189111
0 0.474635 0.116087 0.048375 0.052815
0 0.351521 0.365370 0.091938 0.122333
0 0.398078 0.150852 0.060156 0.060715
0 0.436635 0.132087 0.052375 0.058741
0 0.178630 0.376833 0.091490 0.152370
0 0.158854 0.278454 0.060813 0.082833
0 0.290745 0.217025 0.058823 0.081654
0 0.719411 0.249222 0.096156 0.084407
0 0.715073 0.318954 0.113708 0.099833
