1 0.760411 0.613861 0.223490 0.270093
0 0.209740 0.058012 0.029708 0.032272
0 0.385411 0.089420 0.043260 0.044519
0 0.331740 0.119840 0.047042 0.038987
0 0.322073 0.089815 0.042375 0.041359
1 0.266187 0.199046 0.058146 0.092315
0 0.150297 0.185225 0.047260 0.066254
0 0.074077 0.212083 0.049930 0.073352
0 0.491406 0.126950 0.055708 0.056370
0 0.184854 0.135840 0.040813 0.051235
0 0.116854 0.131692 0.039042 0.050050
0 0.509302 0.208731 0.072375 0.057167
0 0.582630 0.204380 0.086594 0.072167
0 0.757635 0.194706 0.085042 0.075735
0 0.033966 0.104037 0.028375 0.044519
0 0.921187 0.433722 0.159708 0.119185
