0 0.215521 0.044383 0.028813 0.037407
0 0.276073 0.052283 0.027708 0.037407
0 0.334964 0.055247 0.032156 0.035431
0 0.578297 0.700185 0.178823 0.231000
0 0.674411 0.554009 0.162156 0.187537
0 0.526078 0.913769 0.198823 0.176167
0 0.289411 0.038456 0.025490 0.033457
0 0.327187 0.247843 0.076604 0.100611
0 0.275521 0.097717 0.039938 0.037407
0 0.324964 0.086852 0.036594 0.051233
0 0.378302 0.084876 0.034375 0.043333
1 0.218297 0.235000 0.058823 0.098630
0 0.103298 0.238954 0.048820 0.074944
0 0.149406 0.366361 0.067708 0.116426
0 0.127741 0.661667 0.124372 0.217148
1 0.393854 0.111544 0.054375 0.069013
0 0.367188 0.150062 0.047708 0.047283
0 0.530521 0.118457 0.049937 0.055185
0 0.169406 0.114506 0.034375 0.047283
1 0.561635 0.197469 0.081042 0.082839
0 0.634969 0.185618 0.074375 0.070987
0 0.743854 0.279444 0.096604 0.092704
0 0.681630 0.312037 0.089927 0.082852
0 0.024931 0.137222 0.047778 0.057159
0 0.014375 0.087839 0.026667 0.037407
0 0.093853 0.066111 0.025482 0.037407
