0 0.448854 0.865769 0.207479 0.272167
1 0.240964 0.026741 0.025927 0.049778
0 0.394635 0.491796 0.112375 0.159481
0 0.722078 0.595694 0.216594 0.266944
0 0.287854 0.033321 0.026812 0.028717
0 0.200297 0.039050 0.026823 0.038593
0 0.232854 0.072630 0.036375 0.040963
0 0.150297 0.390454 0.073927 0.121944
0 0.385964 0.092975 0.043927 0.043728
0 0.349964 0.103839 0.042594 0.040963
0 0.344630 0.132877 0.046594 0.043728
0 0.477630 0.100481 0.048594 0.042148
0 0.514521 0.145321 0.060604 0.053606
1 0.197521 0.135840 0.048813 0.080469
0 0.126078 0.151840 0.040594 0.057950
0 0.055932 0.560926 0.109781 0.186333
1 0.028486 0.127938 0.054889 0.089161
0 0.134297 0.087247 0.037490 0.056765
0 0.714078 0.187787 0.075260 0.072167
0 0.610740 0.282407 0.085042 0.074926
0 0.053854 0.076778 0.029931 0.048470
