0 0.434104 0.502389 0.127604 0.171185
0 0.246635 0.058802 0.028375 0.036222
0 0.313297 0.242111 0.069260 0.083630
0 0.264302 0.091198 0.042375 0.040963
0 0.386854 0.093370 0.042146 0.040567
1 0.168745 0.172975 0.049927 0.084420
0 0.194745 0.144136 0.041490 0.051235
0 0.137691 0.706565 0.130534 0.251278
0 0.100630 0.234407 0.062594 0.095889
0 0.536854 0.124778 0.055042 0.047285
0 0.562630 0.162108 0.068823 0.069006
0 0.478406 0.198456 0.079042 0.066643
0 0.053521 0.132877 0.035042 0.048469
0 0.099854 0.109172 0.031708 0.044519
1 0.716187 0.177127 0.087479 0.080080
0 0.727745 0.223942 0.081260 0.100228
0 0.667188 0.259694 0.091708 0.076130
0 0.057187 0.094753 0.029042 0.044913
0 0.113519 0.071444 0.031482 0.040963
