1 0.715740 0.753120 0.255042 0.354241
0 0.567964 0.472435 0.128823 0.163426
0 0.481740 0.102654 0.047042 0.052815
1 0.231521 0.404093 0.091042 0.173704
0 0.445073 0.143938 0.055042 0.057161
0 0.053965 0.325074 0.057264 0.098630
0 0.624630 0.145914 0.067490 0.069802
0 0.193302 0.242306 0.055042 0.080870
0 0.673073 0.296630 0.100375 0.090741
1 0.022264 0.213861 0.042445 0.098241
0 0.152740 0.178312 0.046375 0.068228
0 0.822969 0.258306 0.110375 0.089167
0 0.869411 0.339500 0.139260 0.113259
0 0.958078 0.265620 0.085927 0.095870
0 0.210411 0.145716 0.044823 0.061506
