0 0.624297 0.715389 0.185490 0.235333
0 0.307188 0.630454 0.125042 0.194241
0 0.387188 0.125370 0.043708 0.051630
0 0.394521 0.443000 0.099271 0.139333
0 0.446411 0.122012 0.050156 0.053606
0 0.356521 0.145716 0.047708 0.049654
1 0.435411 0.318750 0.077490 0.137352
0 0.557406 0.133271 0.051708 0.052420
0 0.590188 0.170806 0.063479 0.057167
0 0.480078 0.203593 0.067260 0.061111
0 0.590411 0.214855 0.075927 0.070994
0 0.677521 0.174553 0.066604 0.065450
0 0.047076 0.281611 0.052375 0.088370
0 0.117189 0.216429 0.044601 0.071772
0 0.762521 0.244093 0.091271 0.083630
0 0.689411 0.323889 0.096156 0.085222
0 0.161740 0.169419 0.047042 0.072569
