0 0.401964 0.837667 0.197260 0.305259
0 0.099522 0.315593 0.065268 0.097852
0 0.932964 0.827194 0.136156 0.274056
0 0.408302 0.345417 0.097042 0.121944
0 0.096634 0.140778 0.045711 0.062693
0 0.394411 0.165472 0.059490 0.055981
0 0.475854 0.141370 0.065042 0.069407
0 0.318406 0.099296 0.041708 0.046889
0 0.390745 0.067692 0.039260 0.038198
0 0.385630 0.094160 0.047260 0.042939
0 0.312745 0.064531 0.037490 0.041357
0 0.802297 0.265620 0.091260 0.093500
0 0.884964 0.420676 0.172156 0.139722
0 0.011153 0.120037 0.020222 0.050444
0 0.091964 0.071643 0.034594 0.042148
