0 0.528411 0.447944 0.130594 0.150000
0 0.284854 0.048729 0.032375 0.036617
0 0.187964 0.053469 0.029260 0.041357
0 0.345411 0.050901 0.032156 0.034643
0 0.274302 0.319352 0.086375 0.125111
0 0.412854 0.070061 0.039938 0.037407
1 0.416630 0.098506 0.040823 0.061111
0 0.104967 0.138605 0.038378 0.070198
0 0.172964 0.123987 0.038823 0.052815
0 0.485297 0.164086 0.058156 0.059531
0 0.506745 0.222352 0.073490 0.067037
1 0.578635 0.133469 0.073708 0.070198
0 0.079078 0.565074 0.102156 0.173296
0 0.023153 0.124778 0.044222 0.048074
0 0.625745 0.227886 0.099490 0.103376
1 0.797854 0.245463 0.092604 0.106148
0 0.064854 0.089025 0.029708 0.038198
