0 0.811078 0.664630 0.206594 0.274444
0 0.615521 0.800926 0.213271 0.302111
0 0.226078 0.944380 0.145490 0.114944
0 0.442188 0.154012 0.053271 0.063087
0 0.355521 0.151049 0.053271 0.057161
0 0.289406 0.408824 0.107708 0.165796
0 0.311078 0.243889 0.059927 0.084815
0 0.595521 0.226111 0.075479 0.080852
1 0.737740 0.216234 0.097708 0.104569
0 0.117186 0.239935 0.052149 0.080870
0 0.708297 0.315000 0.125490 0.112481
0 0.886630 0.244880 0.102156 0.086796
0 0.203297 0.153025 0.042156 0.057161
0 0.936078 0.458213 0.129927 0.134204
