0 0.184406 0.055247 0.024375 0.027531
1 0.375521 0.712037 0.155479 0.306037
1 0.261078 0.044382 0.028823 0.041357
0 0.379969 0.440426 0.104375 0.138148
1 0.323297 0.072037 0.035490 0.045307
0 0.222745 0.254750 0.058823 0.086796
1 0.338297 0.053271 0.036594 0.035431
0 0.322187 0.097716 0.035479 0.041357
0 0.194411 0.140185 0.042156 0.055185
1 0.129967 0.582648 0.111045 0.256667
0 0.374964 0.150062 0.058823 0.059135
0 0.518297 0.146111 0.058823 0.059137
1 0.106630 0.107593 0.033260 0.061111
0 0.128854 0.089815 0.024375 0.037407
0 0.031042 0.296241 0.060000 0.090741
0 0.027153 0.137222 0.052222 0.061111
0 0.760521 0.205368 0.087708 0.063080
0 0.862745 0.282407 0.118823 0.090741
0 0.816078 0.382167 0.149927 0.120370
0 0.019931 0.090803 0.037778 0.039383
0 0.063298 0.070061 0.022153 0.037407
