0 0.244521 0.068086 0.030375 0.036617
0 0.280964 0.057222 0.031260 0.033852
0 0.211188 0.071840 0.029937 0.033061
0 0.262521 0.098506 0.036146 0.040569
0 0.289302 0.347991 0.081708 0.110500
1 0.125745 0.272139 0.060823 0.111278
1 0.358521 0.086259 0.042375 0.053211
0 0.380521 0.073222 0.030375 0.036619
0 0.156406 0.189769 0.045708 0.071389
1 0.467411 0.129123 0.056156 0.063876
0 0.116967 0.139988 0.038378 0.052420
1 0.520521 0.120827 0.054813 0.070198
0 0.498630 0.180083 0.062156 0.068611
0 0.044042 0.405278 0.086000 0.142889
0 0.114521 0.077172 0.029042 0.037407
1 0.018042 0.213669 0.034000 0.092328
0 0.724964 0.342852 0.130823 0.101815
0 0.879188 0.300972 0.128146 0.096278
