0 0.253854 0.042407 0.027708 0.025556
1 0.531078 0.566852 0.166594 0.264556
0 0.526078 0.433519 0.118823 0.116407
0 0.332740 0.055246 0.027708 0.031481
0 0.322740 0.066111 0.034375 0.037407
0 0.243302 0.076975 0.037708 0.039383
0 0.151630 0.283389 0.063260 0.084815
0 0.237745 0.261667 0.062156 0.084815
1 0.407187 0.075000 0.043271 0.051233
0 0.384411 0.088828 0.035490 0.055185
0 0.318854 0.095741 0.037708 0.041359
0 0.173302 0.210308 0.051042 0.080865
0 0.243297 0.176729 0.055490 0.076913
0 0.142740 0.143148 0.034375 0.049259
0 0.063854 0.155987 0.036598 0.055185
0 0.476635 0.169815 0.057708 0.055185
0 0.388297 0.163892 0.049927 0.047291
0 0.166073 0.115494 0.034375 0.045309
0 0.012153 0.140185 0.022222 0.051233
0 0.533297 0.216238 0.073260 0.072969
0 0.653854 0.205370 0.078812 0.067037
1 0.090519 0.092778 0.032149 0.059137
0 0.827188 0.393028 0.147708 0.110500
