0 0.224630 0.048728 0.029260 0.032667
0 0.769411 0.869713 0.257927 0.264278
0 0.217302 0.064926 0.025708 0.035826
0 0.232297 0.321315 0.069927 0.108519
0 0.263521 0.093568 0.039042 0.037802
0 0.318630 0.089222 0.035927 0.042544
0 0.365187 0.085667 0.040146 0.040963
0 0.377745 0.066111 0.034594 0.039778
0 0.162411 0.166849 0.105260 0.173302
0 0.293297 0.224528 0.066156 0.079278
1 0.468078 0.114902 0.058823 0.052815
0 0.089189 0.280037 0.057934 0.088370
0 0.417078 0.168429 0.056823 0.051624
0 0.474854 0.159942 0.059479 0.062302
0 0.658297 0.241120 0.090823 0.092722
0 0.772078 0.240722 0.090823 0.084815
0 0.899297 0.311056 0.119927 0.094296
0 0.066854 0.086852 0.029265 0.041752
0 0.116189 0.080728 0.027934 0.037407
0 0.015597 0.088432 0.029111 0.042543
0 0.925854 0.257120 0.111708 0.082833
