0 0.189964 0.059197 0.028823 0.023580
0 0.893854 0.964139 0.214375 0.075426
1 0.321078 0.621176 0.133260 0.254685
1 0.268854 0.050309 0.031042 0.049259
0 0.340521 0.395000 0.094375 0.130259
1 0.335521 0.076975 0.035479 0.051235
0 0.207745 0.236981 0.055490 0.078889
1 0.352188 0.059198 0.035479 0.043333
0 0.334411 0.100679 0.035490 0.039383
0 0.184964 0.132284 0.038823 0.051235
1 0.106074 0.510556 0.107705 0.223074
0 0.399964 0.163892 0.059927 0.059143
0 0.542188 0.156972 0.064375 0.065056
1 0.101634 0.105617 0.034378 0.061111
0 0.122187 0.085865 0.024375 0.037407
0 0.026597 0.267593 0.051111 0.076926
0 0.023264 0.130309 0.044445 0.055185
0 0.805521 0.226111 0.095479 0.080852
0 0.930521 0.309074 0.141042 0.112481
0 0.896078 0.423648 0.163260 0.120370
