0 0.220521 0.051296 0.029937 0.039381
0 0.529964 0.463148 0.133260 0.159889
0 0.283854 0.237963 0.072146 0.080852
0 0.369964 0.086852 0.048823 0.043333
0 0.264411 0.090803 0.039927 0.047283
0 0.438854 0.088827 0.042146 0.051235
0 0.143854 0.183642 0.052146 0.074939
0 0.547745 0.123395 0.048823 0.053209
1 0.608297 0.177713 0.065490 0.082833
0 0.058299 0.086852 0.034375 0.051233
0 0.106634 0.077963 0.031045 0.049259
0 0.782187 0.316972 0.108812 0.104574
0 0.872188 0.431537 0.164375 0.132222
1 0.931078 0.258704 0.139927 0.126296
0 0.011042 0.269574 0.020000 0.084815
