0 0.207187 0.050308 0.025479 0.029506
0 0.491630 0.398954 0.109927 0.134204
0 0.214969 0.072037 0.027708 0.033456
0 0.319406 0.074012 0.034375 0.033457
1 0.246073 0.265620 0.067708 0.116426
0 0.275521 0.220185 0.055479 0.065074
0 0.191078 0.395000 0.095490 0.153963
0 0.428302 0.092778 0.041042 0.035433
0 0.433854 0.119444 0.049937 0.061111
0 0.348854 0.137222 0.053271 0.053211
0 0.084410 0.186608 0.039930 0.061117
0 0.138297 0.158954 0.038823 0.057167
1 0.551078 0.127346 0.059927 0.061111
0 0.537188 0.157966 0.049937 0.070994
0 0.467187 0.168824 0.058813 0.053204
0 0.092743 0.141173 0.036597 0.057161
0 0.152188 0.109568 0.035479 0.053209
0 0.091078 0.099691 0.028823 0.037407
0 0.029375 0.308083 0.056667 0.098648
0 0.029965 0.106605 0.026597 0.039383
0 0.729964 0.296231 0.102156 0.086796
0 0.644411 0.310065 0.099927 0.082833
0 0.107186 0.073025 0.025482 0.035431
0 0.009375 0.089815 0.016667 0.037407
