0 0.268854 0.043197 0.026146 0.029506
0 0.250745 0.060185 0.032156 0.034248
1 0.439078 0.341870 0.111927 0.146444
0 0.263078 0.086456 0.035490 0.040172
0 0.468740 0.121024 0.053042 0.054000
0 0.415745 0.164682 0.058156 0.045709
0 0.415745 0.134457 0.057260 0.049259
1 0.193630 0.140778 0.044594 0.072174
0 0.109297 0.137222 0.039927 0.056370
0 0.043298 0.160531 0.043486 0.057161
0 0.621521 0.184034 0.075042 0.072561
0 0.139964 0.097914 0.031927 0.044913
0 0.082854 0.098704 0.031931 0.044915
0 0.696964 0.302556 0.108594 0.082037
0 0.808188 0.307296 0.131937 0.105741
