0 0.719630 0.584037 0.193490 0.240481
0 0.202187 0.057419 0.029708 0.033457
0 0.236411 0.049321 0.026594 0.030691
0 0.281411 0.042407 0.024156 0.027137
1 0.525854 0.569222 0.142375 0.242444
0 0.241854 0.490806 0.097042 0.150389
1 0.280521 0.066111 0.038812 0.057159
0 0.253188 0.087444 0.039271 0.033456
0 0.382187 0.065716 0.035479 0.038987
0 0.282630 0.207935 0.054594 0.069796
1 0.381745 0.113717 0.050594 0.057556
0 0.415745 0.097123 0.039927 0.044124
0 0.478854 0.161716 0.057708 0.054791
0 0.394745 0.159938 0.049490 0.049654
0 0.097522 0.257519 0.058601 0.082852
0 0.045632 0.141568 0.039264 0.052420
0 0.156745 0.117074 0.035260 0.050048
0 0.643630 0.242704 0.093490 0.074556
0 0.729187 0.225324 0.092146 0.079278
