0 0.647411 0.782556 0.214823 0.269296
0 0.447188 0.876231 0.205479 0.251241
0 0.253411 0.036481 0.028156 0.035826
0 0.635188 0.526954 0.155708 0.179241
0 0.402964 0.438454 0.116594 0.148426
0 0.242745 0.071840 0.040156 0.039383
0 0.270521 0.059197 0.037042 0.040172
0 0.349406 0.050308 0.034375 0.035828
0 0.144630 0.284389 0.062594 0.097852
0 0.333411 0.119643 0.052156 0.045704
0 0.462630 0.150061 0.062594 0.062296
0 0.147297 0.167250 0.046156 0.059537
0 0.472078 0.187787 0.053490 0.060315
0 0.100297 0.107198 0.035260 0.046889
0 0.652406 0.289713 0.107042 0.091130
0 0.752630 0.276083 0.099490 0.096278
0 0.804521 0.244287 0.094375 0.088759
0 0.911188 0.244083 0.108604 0.087574
0 0.058966 0.051432 0.053042 0.099161
0 0.110298 0.065519 0.030820 0.037011
