0 0.337964 0.637574 0.138156 0.209259
0 0.227187 0.069074 0.033937 0.037011
0 0.304078 0.079345 0.040156 0.039383
0 0.285521 0.327639 0.080375 0.112463
0 0.302411 0.103246 0.035927 0.042148
0 0.146302 0.176331 0.047708 0.066635
0 0.388964 0.152037 0.056156 0.054396
0 0.454187 0.143741 0.051937 0.056767
0 0.506078 0.136037 0.056594 0.060322
0 0.544078 0.117469 0.056156 0.054000
0 0.095189 0.094753 0.072601 0.124717
0 0.173854 0.119643 0.042813 0.050444
1 0.685854 0.198259 0.094375 0.086000
0 0.024042 0.143345 0.046000 0.052024
0 0.665740 0.295056 0.107042 0.078889
0 0.766411 0.288528 0.110156 0.099833
