0 0.948078 0.841417 0.105927 0.208463
0 0.611187 0.658500 0.187271 0.230593
0 0.213964 0.056827 0.031490 0.035431
0 0.237854 0.042407 0.032146 0.032667
0 0.307078 0.034902 0.027927 0.032667
0 0.197521 0.380380 0.083937 0.124722
0 0.283630 0.094357 0.043260 0.040963
0 0.385635 0.112333 0.050375 0.046100
0 0.190854 0.212873 0.057271 0.071772
0 0.389630 0.145914 0.045490 0.046098
0 0.116078 0.126556 0.037490 0.053211
0 0.517521 0.217219 0.075042 0.067820
0 0.597630 0.206355 0.077490 0.075328
0 0.655854 0.188382 0.069042 0.072569
0 0.721187 0.177324 0.081479 0.070204
0 0.073632 0.065716 0.060597 0.108519
0 0.132521 0.081716 0.036604 0.044124
1 0.931078 0.292278 0.139927 0.116815
