0 0.021042 0.774259 0.040000 0.146037
1 0.105519 0.533269 0.182149 0.225056
0 0.782187 0.168827 0.037708 0.057161
0 0.837187 0.179694 0.032146 0.051241
1 0.229964 0.386111 0.086594 0.116407
1 0.020486 0.479944 0.038889 0.114444
1 0.439411 0.350556 0.076594 0.116407
0 0.417187 0.309074 0.076604 0.088778
0 0.786073 0.294259 0.054375 0.078889
0 0.965521 0.437472 0.071042 0.116426
0 0.560521 0.445370 0.092146 0.140111
0 0.531635 0.196481 0.041042 0.049259
0 0.668854 0.179694 0.037708 0.051241
0 0.543302 0.791056 0.171042 0.262593
0 0.742188 0.857222 0.131042 0.256667
