0 0.048375 0.744630 0.094667 0.176852
1 0.141074 0.505222 0.172372 0.211630
0 0.778187 0.172778 0.038604 0.058741
0 0.834745 0.184435 0.033490 0.051241
1 0.251302 0.370315 0.083042 0.113259
1 0.039819 0.466111 0.077555 0.127889
1 0.455635 0.335935 0.074375 0.114056
0 0.430964 0.298806 0.072156 0.080870
0 0.780297 0.308880 0.058823 0.082833
0 0.965745 0.468278 0.070594 0.122741
0 0.537406 0.475787 0.101042 0.150389
0 0.539635 0.191345 0.041042 0.050050
0 0.673964 0.175345 0.037260 0.048865
0 0.507740 0.853861 0.179042 0.261796
0 0.730854 0.896583 0.131479 0.210537
