0 0.960406 0.172581 0.035042 0.056765
0 0.756969 0.186009 0.042375 0.056759
0 0.139634 0.511537 0.145045 0.142889
0 0.141745 0.442796 0.128823 0.123926
0 0.080743 0.415741 0.101930 0.119593
0 0.376078 0.393222 0.101490 0.119593
0 0.963078 0.303148 0.050156 0.087963
0 0.869188 0.256333 0.046375 0.080481
1 0.762964 0.298796 0.057927 0.096667
1 0.298411 0.287148 0.063490 0.083630
0 0.435630 0.255944 0.072156 0.074148
0 0.896635 0.508185 0.081708 0.153556
0 0.643073 0.175345 0.044375 0.053606
0 0.493406 0.876824 0.193042 0.250056
