0 0.959745 0.167447 0.034594 0.054402
0 0.762297 0.178506 0.041490 0.054394
0 0.102078 0.541176 0.153490 0.151574
0 0.107964 0.466898 0.133260 0.129463
0 0.050597 0.433519 0.099111 0.118778
0 0.352740 0.414157 0.106375 0.126685
0 0.961745 0.293278 0.049260 0.087185
0 0.871188 0.244083 0.045042 0.078093
1 0.768740 0.286556 0.057042 0.092704
1 0.277969 0.299796 0.067042 0.088370
0 0.420740 0.267000 0.074375 0.077296
0 0.895521 0.478167 0.076812 0.139333
0 0.636188 0.180877 0.046604 0.052024
0 0.529630 0.821667 0.182823 0.275630
