0 0.176635 0.369315 0.097708 0.102593
0 0.125521 0.522407 0.144375 0.155926
0 0.359964 0.420676 0.119927 0.130241
0 0.856078 0.208333 0.045490 0.072963
0 0.338854 0.262657 0.075479 0.074944
0 0.422745 0.244880 0.072156 0.086796
0 0.758854 0.322898 0.062146 0.088759
1 0.485521 0.235991 0.077708 0.104574
0 0.649969 0.163889 0.044375 0.055185
0 0.481073 0.837472 0.204375 0.296167
0 0.768854 0.774259 0.124375 0.252704
1 0.126042 0.920676 0.250000 0.162352
1 0.559964 0.148087 0.048823 0.067037
1 0.620521 0.144136 0.038812 0.063087
