0 0.912521 0.201620 0.069937 0.085611
0 0.040042 0.615241 0.078000 0.125111
0 0.969630 0.233620 0.062823 0.087981
0 0.281411 0.368731 0.089927 0.072167
0 0.323740 0.409417 0.097708 0.072167
0 0.519078 0.537417 0.164823 0.171722
0 0.749188 0.495546 0.145042 0.152759
0 0.587521 0.140580 0.055479 0.050444
0 0.116818 0.911593 0.231552 0.180519
0 0.645854 0.126951 0.057042 0.057950
0 0.720187 0.125370 0.056375 0.057952
0 0.618302 0.290704 0.065042 0.059148
0 0.814521 0.157172 0.047708 0.052815
0 0.305411 0.540380 0.069927 0.082833
