0 0.915964 0.198065 0.068823 0.083241
0 0.032486 0.622157 0.062889 0.120759
0 0.971745 0.228880 0.058594 0.086389
0 0.272635 0.374454 0.091042 0.072574
0 0.313521 0.416537 0.097708 0.070593
0 0.527854 0.528926 0.162375 0.169741
0 0.757630 0.486259 0.144156 0.152370
0 0.583745 0.143345 0.055490 0.048865
0 0.124484 0.904287 0.246885 0.195130
0 0.640964 0.130111 0.057927 0.059530
0 0.717297 0.127345 0.058156 0.059531
0 0.625521 0.285565 0.065271 0.059130
0 0.819187 0.153618 0.047708 0.052024
0 0.316854 0.531889 0.068812 0.084815
