0 0.968854 0.393028 0.064375 0.110500
0 0.771073 0.336731 0.117708 0.100611
0 0.617188 0.275491 0.092146 0.088759
1 0.506073 0.235991 0.074375 0.076907
0 0.426635 0.215241 0.057708 0.055185
0 0.369969 0.198456 0.044375 0.045309
0 0.148854 0.298213 0.042146 0.063093
0 0.930521 0.460185 0.141042 0.122333
1 0.808297 0.748574 0.272156 0.327778
0 0.574964 0.582657 0.158823 0.169759
0 0.381635 0.309074 0.181042 0.207296
0 0.930755 0.548009 0.140573 0.187093
0 0.630521 0.506602 0.165479 0.148019
0 0.418302 0.465120 0.114375 0.128278
1 0.813297 0.567833 0.175490 0.203333
0 0.954964 0.725870 0.092156 0.167778
0 0.755521 0.461167 0.153271 0.132222
0 0.613854 0.385120 0.123271 0.106537
0 0.281630 0.342657 0.069927 0.100611
0 0.344406 0.399935 0.077708 0.100611
0 0.491078 0.317963 0.068823 0.098630
0 0.283302 0.282407 0.037708 0.059148
0 0.246073 0.261667 0.041042 0.057148
0 0.211073 0.288333 0.044375 0.063074
