0 0.864635 0.367741 0.135042 0.112074
0 0.665078 0.287741 0.102156 0.099815
1 0.532411 0.242898 0.079927 0.082833
0 0.440635 0.217611 0.060375 0.059926
0 0.381521 0.199244 0.047938 0.049254
0 0.270745 0.442602 0.085490 0.117204
1 0.812187 0.744630 0.268813 0.331741
0 0.578297 0.583639 0.156594 0.171722
0 0.386078 0.307102 0.178823 0.207278
0 0.942745 0.551056 0.116594 0.173704
0 0.633854 0.502648 0.167708 0.144074
0 0.420521 0.461176 0.112146 0.124315
1 0.814969 0.569815 0.174375 0.211222
0 0.956630 0.720926 0.088823 0.165815
0 0.759406 0.459194 0.154375 0.128278
0 0.614964 0.386111 0.123260 0.104556
0 0.284964 0.340676 0.072156 0.100611
0 0.346078 0.396972 0.078823 0.094685
0 0.499964 0.326852 0.079927 0.104556
0 0.286630 0.279444 0.042156 0.057148
0 0.246635 0.259694 0.044375 0.053204
0 0.234302 0.304528 0.049042 0.063870
