0 0.886745 0.382556 0.146823 0.136185
0 0.709630 0.324278 0.105490 0.083630
0 0.581188 0.273519 0.084604 0.084037
1 0.481630 0.237565 0.071260 0.069019
1 0.409740 0.616037 0.156375 0.230185
0 0.394854 0.214463 0.052375 0.050444
0 0.766073 0.407444 0.135708 0.117222
1 0.807188 0.758463 0.265479 0.327778
0 0.572740 0.594509 0.154375 0.169759
0 0.381078 0.315991 0.182156 0.205315
0 0.922188 0.559935 0.157708 0.199389
0 0.629411 0.515500 0.165490 0.150000
0 0.417745 0.474019 0.113260 0.126296
1 0.809964 0.585611 0.168823 0.215185
0 0.953854 0.732778 0.094375 0.165815
0 0.754411 0.469074 0.153260 0.124333
0 0.580745 0.382954 0.113490 0.106944
0 0.277630 0.344630 0.072156 0.095889
0 0.343302 0.406852 0.077708 0.099444
0 0.471630 0.325861 0.083260 0.098648
0 0.281521 0.286157 0.039938 0.059537
