0 0.942078 0.413769 0.117927 0.151981
0 0.742630 0.336333 0.119490 0.116407
0 0.565073 0.285176 0.080375 0.077315
0 0.421521 0.224333 0.060813 0.057556
0 0.458969 0.659694 0.159708 0.232167
0 0.182521 0.355093 0.060604 0.083630
1 0.793302 0.753519 0.271042 0.321852
0 0.562188 0.591546 0.155479 0.175685
0 0.369406 0.314019 0.181042 0.209259
0 0.918125 0.570741 0.165833 0.217037
0 0.439854 0.460778 0.137042 0.116407
0 0.280521 0.366556 0.063708 0.084407
1 0.735187 0.531694 0.153938 0.168167
0 0.935411 0.729620 0.131260 0.188722
0 0.722297 0.462954 0.148156 0.122352
0 0.538078 0.370111 0.104594 0.101000
0 0.234969 0.270352 0.046375 0.070593
0 0.182969 0.294259 0.041042 0.059148
