0 0.870188 0.378796 0.141708 0.135778
0 0.709969 0.327444 0.104375 0.088370
0 0.578297 0.274907 0.085490 0.083630
1 0.476302 0.236972 0.070375 0.068611
1 0.352521 0.552435 0.130375 0.195426
0 0.386740 0.215444 0.051708 0.055593
0 0.679411 0.370704 0.113490 0.103000
1 0.807188 0.758463 0.265479 0.327778
0 0.572740 0.594509 0.154375 0.169759
0 0.381078 0.315991 0.182156 0.205315
0 0.922188 0.559935 0.157708 0.199389
0 0.629411 0.515500 0.165490 0.150000
0 0.417521 0.474019 0.112812 0.126296
1 0.809964 0.585611 0.168823 0.215185
0 0.953854 0.732778 0.094375 0.165815
0 0.754411 0.469074 0.153260 0.124333
0 0.577521 0.382361 0.114604 0.108907
0 0.271302 0.343241 0.065708 0.095481
0 0.340740 0.406657 0.075708 0.097463
0 0.471630 0.325861 0.083260 0.098648
0 0.279969 0.287343 0.043042 0.062685
