1 0.904630 0.288731 0.159927 0.146833
0 0.719740 0.235389 0.112375 0.095481
0 0.577073 0.189963 0.080375 0.074148
0 0.515411 0.218407 0.068156 0.076519
1 0.827745 0.677472 0.273260 0.331722
0 0.592187 0.514509 0.155479 0.171722
0 0.396078 0.243886 0.185490 0.199376
0 0.951630 0.478954 0.098823 0.171722
0 0.648854 0.437472 0.164375 0.148019
0 0.434969 0.400926 0.114375 0.130259
1 0.832740 0.503648 0.174375 0.197407
0 0.964964 0.649815 0.072156 0.142111
0 0.806630 0.404880 0.162156 0.130241
0 0.628854 0.316972 0.119938 0.104574
0 0.299406 0.284380 0.067708 0.106537
0 0.359411 0.333769 0.076594 0.098648
0 0.516073 0.263639 0.081042 0.104574
0 0.301073 0.218204 0.044375 0.061111
0 0.261078 0.198454 0.039927 0.053204
0 0.252188 0.249815 0.042146 0.061111
