0 0.858302 0.371296 0.139708 0.133407
0 0.709630 0.328833 0.104594 0.091926
0 0.573854 0.272333 0.084146 0.085593
1 0.469969 0.234204 0.068375 0.069407
1 0.304297 0.497519 0.110823 0.163037
0 0.376521 0.208528 0.050813 0.046500
0 0.600745 0.336139 0.093490 0.087574
1 0.807188 0.758463 0.265479 0.327778
0 0.572740 0.594509 0.154375 0.169759
0 0.381078 0.315991 0.182156 0.205315
0 0.922188 0.559935 0.157708 0.199389
0 0.629411 0.515500 0.165490 0.150000
0 0.413630 0.472426 0.112594 0.131037
1 0.809964 0.585611 0.168823 0.215185
0 0.953854 0.732778 0.094375 0.165815
0 0.754411 0.469074 0.153260 0.124333
0 0.573854 0.380185 0.112146 0.104556
0 0.266745 0.339296 0.067260 0.094704
0 0.335964 0.404676 0.074594 0.102204
0 0.471630 0.325861 0.083260 0.098648
0 0.276745 0.283194 0.043260 0.060722
