0 0.974411 0.416731 0.053260 0.118389
0 0.801630 0.354509 0.129927 0.124315
0 0.624406 0.305120 0.091042 0.080870
0 0.457740 0.237963 0.064375 0.069000
0 0.702745 0.864380 0.258823 0.274944
0 0.257188 0.448333 0.085479 0.114444
1 0.362187 0.203392 0.051042 0.055180
0 0.565521 0.314009 0.073271 0.074944
1 0.802188 0.763389 0.271042 0.333704
0 0.571078 0.593519 0.153260 0.175667
0 0.375521 0.320926 0.182146 0.207296
0 0.920521 0.564880 0.161042 0.205315
0 0.527745 0.476981 0.153260 0.108519
0 0.312188 0.396981 0.077708 0.102593
1 0.807188 0.583648 0.169937 0.203333
0 0.951630 0.738704 0.098823 0.169741
0 0.723297 0.466111 0.146594 0.130259
0 0.572740 0.388093 0.114375 0.108519
0 0.238854 0.276481 0.044375 0.067037
0 0.226078 0.329815 0.056594 0.067037
0 0.456073 0.323889 0.087708 0.106556
