0 0.973411 0.416139 0.055260 0.117204
0 0.796630 0.353917 0.129260 0.123130
0 0.619740 0.303343 0.089708 0.079685
0 0.454073 0.237963 0.063708 0.069000
0 0.682745 0.858454 0.250823 0.286796
0 0.250521 0.442407 0.085479 0.112074
1 0.359854 0.203984 0.051708 0.053994
0 0.552188 0.310454 0.073271 0.074944
1 0.796854 0.757463 0.271042 0.326593
0 0.565745 0.592333 0.154594 0.175667
0 0.371854 0.316778 0.181479 0.208481
0 0.919562 0.567222 0.162958 0.210000
0 0.522411 0.477574 0.154594 0.114444
0 0.310188 0.394611 0.077708 0.102593
1 0.806854 0.586611 0.171937 0.209259
0 0.952964 0.740481 0.096156 0.170926
0 0.722964 0.465519 0.148594 0.126704
0 0.571406 0.389278 0.114375 0.110889
0 0.239854 0.277074 0.045042 0.065852
0 0.223078 0.327444 0.055927 0.071778
