0 0.978188 0.416139 0.045708 0.114056
0 0.824297 0.365176 0.136594 0.126685
0 0.651411 0.307889 0.096156 0.076926
0 0.482078 0.244870 0.067260 0.076519
0 0.815188 0.919102 0.237479 0.165500
0 0.317297 0.518056 0.111490 0.144074
1 0.377302 0.207741 0.055042 0.055185
0 0.683964 0.361426 0.094594 0.097852
0 0.452302 0.269963 0.061042 0.058741
1 0.802188 0.763389 0.271042 0.333704
0 0.571078 0.593519 0.153260 0.175667
0 0.375521 0.320926 0.182146 0.207296
0 0.920521 0.564880 0.161042 0.205315
0 0.570964 0.491000 0.161490 0.132630
0 0.329969 0.406648 0.084375 0.106148
1 0.807188 0.583648 0.169937 0.203333
0 0.951630 0.738704 0.098823 0.169741
0 0.723630 0.461963 0.148156 0.130630
0 0.572854 0.384731 0.113271 0.101796
0 0.241964 0.283787 0.042156 0.069796
0 0.251188 0.342056 0.060146 0.071778
0 0.470078 0.321917 0.077490 0.105759
