0 0.847187 0.367537 0.138375 0.127481
0 0.708854 0.329028 0.106604 0.089167
0 0.562854 0.271944 0.083042 0.082444
0 0.742854 0.911000 0.255937 0.181704
1 0.453297 0.227694 0.067490 0.064278
1 0.228854 0.410806 0.078146 0.122352
0 0.349078 0.200831 0.043927 0.044524
0 0.474969 0.284185 0.066375 0.069815
1 0.807188 0.758463 0.265479 0.327778
0 0.572740 0.594509 0.154375 0.169759
0 0.381078 0.315991 0.182156 0.205315
0 0.922188 0.559935 0.157708 0.199389
0 0.629411 0.515500 0.165490 0.150000
0 0.400302 0.460380 0.107708 0.121944
1 0.809964 0.585611 0.168823 0.215185
0 0.953854 0.732778 0.094375 0.165815
0 0.754406 0.470065 0.153708 0.125500
0 0.573854 0.380185 0.112146 0.104556
0 0.255078 0.327843 0.055927 0.087574
0 0.325635 0.397574 0.074375 0.096667
0 0.471630 0.325861 0.083260 0.098648
0 0.269078 0.279250 0.046594 0.058352
