0 0.975630 0.417324 0.050823 0.117204
0 0.809188 0.358065 0.131708 0.125907
0 0.634297 0.306500 0.087260 0.083630
0 0.464745 0.241315 0.067260 0.071778
0 0.742745 0.884333 0.260594 0.235037
0 0.275630 0.473222 0.093490 0.126296
1 0.366406 0.202012 0.053708 0.054791
0 0.602521 0.331194 0.080146 0.091130
1 0.802188 0.763389 0.271042 0.333704
0 0.571078 0.593519 0.153260 0.175667
0 0.375521 0.320926 0.182146 0.207296
0 0.920521 0.564880 0.161042 0.205315
0 0.543188 0.483500 0.157042 0.121556
0 0.317740 0.400333 0.081708 0.105370
1 0.807188 0.583648 0.169937 0.203333
0 0.951630 0.738704 0.098823 0.169741
0 0.722630 0.464722 0.147490 0.127481
0 0.573187 0.387694 0.115708 0.110093
0 0.239854 0.281620 0.043271 0.070981
0 0.234854 0.335352 0.057708 0.076519
0 0.463521 0.326648 0.080812 0.102593
