0 0.909854 0.350750 0.143708 0.116019
0 0.723740 0.279444 0.111042 0.103778
1 0.615411 0.240528 0.095260 0.092315
0 0.512078 0.213472 0.069490 0.066648
0 0.445964 0.194312 0.054594 0.057561
0 0.225297 0.370500 0.073260 0.095481
0 0.503521 0.249417 0.071042 0.073759
1 0.814964 0.723889 0.272156 0.325815
0 0.579964 0.561917 0.155490 0.171722
0 0.383854 0.289324 0.183271 0.207278
0 0.944964 0.530306 0.112156 0.171722
0 0.634964 0.483889 0.165490 0.142111
0 0.422740 0.448333 0.114375 0.126296
1 0.819406 0.547102 0.174375 0.205315
0 0.957745 0.695250 0.086594 0.153944
0 0.762188 0.439444 0.155479 0.128259
0 0.616073 0.366352 0.121042 0.108519
0 0.286630 0.326852 0.068823 0.096667
0 0.348297 0.382167 0.076594 0.096667
0 0.501073 0.310065 0.091042 0.106537
0 0.290521 0.262657 0.043271 0.059130
0 0.247745 0.243889 0.039927 0.053222
0 0.239411 0.294259 0.045490 0.071000
