0 0.978411 0.417324 0.045260 0.118796
0 0.831521 0.364380 0.133271 0.128278
0 0.667188 0.317963 0.098375 0.090741
0 0.495188 0.247444 0.071708 0.072185
0 0.882745 0.960185 0.157490 0.083333
0 0.362745 0.573963 0.130823 0.170556
1 0.389078 0.210108 0.059490 0.060709
0 0.774969 0.403889 0.113042 0.119593
0 0.498521 0.292870 0.074375 0.075333
1 0.802188 0.763389 0.271042 0.333704
0 0.571078 0.593519 0.153260 0.175667
0 0.375521 0.320926 0.182146 0.207296
0 0.920521 0.564880 0.161042 0.205315
0 0.591297 0.498907 0.162594 0.138148
0 0.341406 0.416333 0.090375 0.110481
1 0.807188 0.583648 0.169937 0.203333
0 0.951630 0.738704 0.098823 0.169741
0 0.723297 0.460185 0.146594 0.126296
0 0.572854 0.381370 0.114146 0.102185
0 0.240630 0.292287 0.043490 0.079685
0 0.262854 0.350759 0.064812 0.078889
0 0.472630 0.323685 0.070594 0.096667
