0 0.933521 0.393019 0.135042 0.150000
0 0.726078 0.322111 0.106823 0.089556
0 0.591406 0.269176 0.086375 0.084019
1 0.493969 0.233611 0.071042 0.080074
1 0.701745 0.861222 0.294594 0.281259
0 0.416297 0.215444 0.057490 0.059519
0 0.352297 0.191942 0.042823 0.045709
0 0.619188 0.331593 0.103708 0.094296
1 0.808297 0.748574 0.272156 0.327778
0 0.574964 0.582657 0.158823 0.169759
0 0.381635 0.309074 0.181042 0.207296
0 0.923297 0.546111 0.155490 0.195444
0 0.630521 0.506602 0.165479 0.148019
0 0.418302 0.465120 0.114375 0.128278
1 0.813297 0.567833 0.175490 0.203333
0 0.954964 0.725870 0.092156 0.167778
0 0.755521 0.461167 0.153271 0.132222
0 0.601630 0.383148 0.120594 0.112074
0 0.281630 0.342657 0.069927 0.100611
0 0.344406 0.399935 0.077708 0.100611
0 0.480073 0.318352 0.069042 0.097852
0 0.283302 0.282407 0.037708 0.059148
0 0.241297 0.258306 0.042156 0.058352
