0 0.927078 0.399148 0.147927 0.143296
0 0.720187 0.326852 0.113271 0.109296
0 0.542745 0.277472 0.073927 0.079278
0 0.406635 0.221370 0.056375 0.061111
0 0.396406 0.590750 0.131042 0.189907
0 0.162630 0.330213 0.055490 0.072574
1 0.793302 0.753519 0.271042 0.321852
0 0.562188 0.591546 0.155479 0.175685
0 0.369406 0.314019 0.181042 0.209259
0 0.917583 0.572056 0.166917 0.219667
0 0.411854 0.451491 0.126375 0.112870
0 0.269969 0.358657 0.061708 0.085204
1 0.689411 0.513120 0.141927 0.172130
0 0.915187 0.712435 0.171708 0.212019
0 0.715854 0.461565 0.145042 0.124315
0 0.517078 0.358852 0.098594 0.093519
0 0.228297 0.261463 0.048156 0.062296
