0 0.847187 0.367944 0.137479 0.129852
0 0.708854 0.329417 0.106604 0.089944
0 0.560854 0.270750 0.082604 0.081648
0 0.735297 0.905472 0.261260 0.192759
1 0.452188 0.228880 0.067042 0.066648
1 0.225521 0.404880 0.076812 0.118389
0 0.347302 0.201620 0.043042 0.042944
0 0.468302 0.279843 0.063708 0.067426
1 0.807188 0.758463 0.265479 0.327778
0 0.572740 0.594509 0.154375 0.169759
0 0.381078 0.315991 0.182156 0.205315
0 0.922188 0.559935 0.157708 0.199389
0 0.629411 0.515500 0.165490 0.150000
0 0.399854 0.460778 0.107708 0.121148
1 0.809964 0.585611 0.168823 0.215185
0 0.953854 0.732778 0.094375 0.165815
0 0.754411 0.472037 0.154594 0.127889
0 0.573854 0.380185 0.112146 0.104556
0 0.254188 0.327843 0.056813 0.089167
0 0.324740 0.396778 0.074375 0.096667
0 0.471630 0.325861 0.083260 0.098648
0 0.268411 0.278852 0.048823 0.060704
