0 0.979745 0.419889 0.042594 0.122333
0 0.833406 0.361028 0.133042 0.123130
0 0.677635 0.320926 0.101042 0.087185
0 0.503854 0.251000 0.072146 0.075333
0 0.393635 0.607741 0.143708 0.183593
1 0.395745 0.211095 0.057260 0.061106
0 0.844297 0.425620 0.124156 0.118796
0 0.531521 0.304926 0.082146 0.075741
1 0.802188 0.763389 0.271042 0.333704
0 0.571078 0.593519 0.153260 0.175667
0 0.375521 0.320926 0.182146 0.207296
0 0.920521 0.564880 0.161042 0.205315
0 0.599187 0.500093 0.163708 0.145259
0 0.348411 0.422056 0.091927 0.103778
1 0.807188 0.583648 0.169937 0.203333
0 0.951630 0.738704 0.098823 0.169741
0 0.723630 0.459981 0.148594 0.127481
0 0.573406 0.379593 0.114375 0.106556
0 0.240745 0.295046 0.042823 0.087574
0 0.272078 0.356278 0.065490 0.081259
0 0.474406 0.326463 0.067042 0.096667
0 0.243302 0.261472 0.047042 0.051241
