0 0.936521 0.359056 0.129042 0.114444
0 0.725521 0.277472 0.111042 0.104574
1 0.619188 0.236583 0.097479 0.089167
0 0.513302 0.212287 0.071042 0.069019
0 0.443854 0.193516 0.056604 0.063080
0 0.789745 0.905861 0.252823 0.191981
0 0.503302 0.246852 0.071042 0.074926
1 0.818411 0.707491 0.271490 0.326204
0 0.584411 0.547491 0.158156 0.169759
0 0.389521 0.277269 0.183938 0.206093
0 0.947854 0.513722 0.106375 0.172519
0 0.640635 0.468481 0.167042 0.144481
0 0.429078 0.433120 0.112823 0.125907
1 0.825187 0.533074 0.176146 0.203333
0 0.961521 0.682602 0.079042 0.155537
0 0.767745 0.422657 0.155490 0.124722
0 0.622854 0.349963 0.124375 0.104963
0 0.290745 0.311444 0.067260 0.096667
0 0.354073 0.370111 0.077042 0.095481
0 0.510188 0.295250 0.082146 0.106944
0 0.296521 0.253769 0.048604 0.060315
0 0.253073 0.231444 0.041708 0.054407
0 0.244630 0.281815 0.044823 0.069815
