0 0.983411 0.421667 0.035260 0.126704
0 0.839078 0.365574 0.137260 0.132222
0 0.696635 0.323889 0.105708 0.087593
0 0.521078 0.255741 0.077260 0.080074
0 0.475854 0.700981 0.183271 0.236519
1 0.414187 0.214657 0.061708 0.061907
1 0.158187 0.316778 0.050604 0.083630
0 0.634630 0.349769 0.104823 0.095093
1 0.802188 0.763389 0.271042 0.333704
0 0.571078 0.593519 0.153260 0.175667
0 0.375521 0.320926 0.182146 0.207296
0 0.920521 0.564880 0.161042 0.205315
0 0.620078 0.506407 0.168156 0.138926
0 0.365964 0.434306 0.097260 0.109315
1 0.807188 0.583648 0.169937 0.203333
0 0.951630 0.738704 0.098823 0.169741
0 0.729297 0.464528 0.150594 0.134981
0 0.573854 0.380185 0.112146 0.104556
0 0.241964 0.305713 0.042156 0.085204
0 0.289302 0.368528 0.065708 0.087574
0 0.472297 0.325269 0.072594 0.098241
0 0.251745 0.264630 0.047490 0.055185
