0 0.961745 0.412972 0.078594 0.124315
0 0.772073 0.348185 0.122375 0.123519
0 0.595854 0.297222 0.085042 0.081667
0 0.438302 0.233222 0.059708 0.066630
0 0.571411 0.777028 0.199260 0.293019
0 0.215406 0.397963 0.069042 0.096667
1 0.347964 0.200630 0.047927 0.052815
0 0.480854 0.285963 0.059479 0.068630
1 0.793302 0.753519 0.271042 0.321852
0 0.562188 0.591546 0.155479 0.175685
0 0.369406 0.314019 0.181042 0.209259
0 0.918911 0.568806 0.164260 0.213167
0 0.482635 0.471444 0.144375 0.114852
0 0.295964 0.382759 0.068823 0.090741
1 0.790854 0.573769 0.169271 0.194648
0 0.953078 0.738907 0.095927 0.170148
0 0.723740 0.465722 0.145708 0.119185
0 0.560745 0.381963 0.109490 0.104185
0 0.238635 0.276676 0.043042 0.069019
0 0.203187 0.316185 0.045937 0.061111
