0 0.863411 0.367537 0.135260 0.113259
0 0.664188 0.287537 0.102146 0.100222
1 0.531745 0.242898 0.079927 0.082833
0 0.440297 0.217417 0.060156 0.059537
0 0.381302 0.198852 0.048375 0.049259
0 0.267854 0.439046 0.083271 0.114833
1 0.812187 0.744630 0.268813 0.331741
0 0.578297 0.583639 0.156594 0.171722
0 0.386078 0.307102 0.178823 0.207278
0 0.942745 0.551056 0.116594 0.173704
0 0.633854 0.502648 0.167708 0.144074
0 0.420521 0.461176 0.112146 0.124315
1 0.814969 0.569815 0.174375 0.211222
0 0.956630 0.720926 0.088823 0.165815
0 0.759406 0.459194 0.154375 0.128278
0 0.614964 0.386111 0.123260 0.104556
0 0.284964 0.340676 0.072156 0.100611
0 0.346078 0.396972 0.078823 0.094685
0 0.499964 0.326852 0.079927 0.104556
0 0.286630 0.279444 0.042156 0.057148
0 0.246635 0.259694 0.044375 0.053204
0 0.234078 0.304333 0.049490 0.063481
