0 0.783297 0.283194 0.122156 0.116019
1 0.622854 0.226111 0.097271 0.091926
0 0.517297 0.199642 0.071490 0.064272
0 0.449187 0.181667 0.057042 0.062296
0 0.508969 0.235398 0.071708 0.074944
1 0.818854 0.706111 0.271042 0.325815
0 0.584964 0.547102 0.158823 0.169759
0 0.389969 0.277469 0.184375 0.207283
0 0.948297 0.512528 0.105490 0.171722
0 0.641078 0.468083 0.166594 0.146056
0 0.429964 0.432537 0.113260 0.126296
1 0.826078 0.532278 0.176594 0.203333
0 0.962187 0.682407 0.077708 0.155926
0 0.768854 0.422648 0.155479 0.126296
0 0.623854 0.348583 0.125479 0.104574
0 0.291078 0.311056 0.066594 0.096667
0 0.354964 0.369324 0.076594 0.094685
0 0.511078 0.294259 0.082156 0.106556
0 0.296630 0.252778 0.048823 0.059148
0 0.253854 0.231056 0.041042 0.055185
0 0.245521 0.281417 0.044375 0.069019
