1 0.877745 0.280833 0.154594 0.133407
0 0.664854 0.219790 0.100375 0.085606
0 0.522187 0.176926 0.068812 0.064667
0 0.514964 0.225130 0.069927 0.078889
1 0.827521 0.681815 0.272812 0.334111
0 0.592187 0.518852 0.156375 0.172519
0 0.396078 0.247442 0.184594 0.201746
0 0.952297 0.484481 0.097490 0.173296
0 0.648411 0.439056 0.163490 0.146444
0 0.435187 0.402898 0.111271 0.127870
1 0.832740 0.503648 0.174375 0.197407
0 0.964964 0.649815 0.072156 0.142111
0 0.806187 0.408435 0.163042 0.132611
0 0.629078 0.320139 0.121260 0.104574
0 0.299854 0.284380 0.068604 0.103389
0 0.359635 0.337315 0.077042 0.097852
0 0.516745 0.266009 0.081490 0.104574
0 0.300187 0.220583 0.042604 0.059537
0 0.260406 0.200034 0.040375 0.054783
0 0.251740 0.251796 0.043042 0.063481
