0 0.909078 0.355889 0.145260 0.115222
0 0.723078 0.282611 0.109260 0.101407
1 0.613521 0.242509 0.096812 0.092315
0 0.512073 0.215836 0.069042 0.063476
0 0.443854 0.193914 0.054375 0.052024
0 0.206521 0.353722 0.063708 0.089556
0 0.502854 0.249222 0.070146 0.075741
1 0.814964 0.723889 0.272156 0.325815
0 0.579964 0.561917 0.155490 0.171722
0 0.383854 0.289324 0.183271 0.207278
0 0.944964 0.530306 0.112156 0.171722
0 0.634964 0.483889 0.165490 0.142111
0 0.422740 0.448333 0.114375 0.126296
1 0.819406 0.547102 0.174375 0.205315
0 0.957745 0.695250 0.086594 0.153944
0 0.762188 0.439444 0.155479 0.128259
0 0.616073 0.366352 0.121042 0.108519
0 0.286630 0.326852 0.068823 0.096667
0 0.348297 0.382167 0.076594 0.096667
0 0.501073 0.310065 0.091042 0.106537
0 0.290521 0.262657 0.043271 0.059130
0 0.247745 0.243889 0.039927 0.053222
0 0.239411 0.294259 0.045490 0.071000
