0 0.966188 0.397769 0.069708 0.119981
0 0.768073 0.336731 0.117042 0.098241
0 0.615854 0.276083 0.090813 0.089944
1 0.504740 0.234806 0.075708 0.074537
0 0.425302 0.216426 0.057708 0.055185
0 0.368969 0.197271 0.045042 0.045309
0 0.145187 0.293472 0.041479 0.060722
0 0.916854 0.450111 0.168375 0.125889
1 0.808297 0.748574 0.272156 0.327778
0 0.574964 0.582657 0.158823 0.169759
0 0.381635 0.309074 0.181042 0.207296
0 0.929958 0.547806 0.142167 0.187981
0 0.630521 0.506602 0.165479 0.148019
0 0.418302 0.465120 0.114375 0.128278
1 0.813297 0.567833 0.175490 0.203333
0 0.954964 0.725870 0.092156 0.167778
0 0.755521 0.461167 0.153271 0.132222
0 0.613854 0.384528 0.121938 0.107722
0 0.281630 0.342657 0.069927 0.100611
0 0.344406 0.399935 0.077708 0.100611
0 0.490411 0.318556 0.067490 0.102185
0 0.283302 0.282407 0.037708 0.059148
0 0.246073 0.262259 0.042375 0.055963
0 0.208740 0.287148 0.046375 0.060704
