0 0.844521 0.368333 0.134812 0.132222
0 0.708854 0.330602 0.106604 0.092315
0 0.556187 0.270361 0.082146 0.085611
0 0.707745 0.888083 0.278156 0.227537
1 0.447078 0.230852 0.067490 0.070593
1 0.213745 0.391056 0.072823 0.114444
0 0.341521 0.201618 0.044813 0.046098
0 0.937078 0.479343 0.127927 0.126685
1 0.807188 0.758463 0.265479 0.327778
0 0.572740 0.594509 0.154375 0.169759
0 0.381078 0.315991 0.182156 0.205315
0 0.922188 0.559935 0.157708 0.199389
0 0.629411 0.515500 0.165490 0.150000
0 0.395854 0.458019 0.105938 0.120370
1 0.809964 0.585611 0.168823 0.215185
0 0.953854 0.732778 0.094375 0.165815
0 0.752635 0.470852 0.153708 0.123926
0 0.573854 0.380185 0.112146 0.104556
0 0.251969 0.326259 0.055042 0.090741
0 0.321187 0.397574 0.074375 0.096667
0 0.471630 0.325861 0.083260 0.098648
0 0.267745 0.277667 0.049260 0.064667
