0 0.979964 0.420676 0.042156 0.122352
0 0.832740 0.361417 0.134375 0.122352
0 0.674969 0.320926 0.101042 0.088778
0 0.501630 0.249815 0.072156 0.072963
0 0.386073 0.599444 0.141042 0.179630
1 0.394411 0.210312 0.055490 0.061117
0 0.827188 0.421667 0.121042 0.120370
0 0.522188 0.302157 0.082146 0.074944
1 0.802188 0.763389 0.271042 0.333704
0 0.571078 0.593519 0.153260 0.175667
0 0.375521 0.320926 0.182146 0.207296
0 0.920521 0.564880 0.161042 0.205315
0 0.597187 0.497713 0.163271 0.142093
0 0.346635 0.419694 0.091042 0.100611
1 0.807188 0.583648 0.169937 0.203333
0 0.951630 0.738704 0.098823 0.169741
0 0.722740 0.459194 0.147708 0.124315
0 0.573854 0.381176 0.114375 0.106537
0 0.240521 0.294259 0.043271 0.090741
0 0.270521 0.355491 0.067708 0.082833
0 0.475521 0.324870 0.066604 0.096667
0 0.242188 0.260676 0.046604 0.051241
