0 0.983745 0.421667 0.034594 0.121963
0 0.839745 0.366167 0.135927 0.126296
0 0.699969 0.323889 0.103042 0.089963
0 0.524411 0.255741 0.075927 0.077704
0 0.490187 0.718167 0.186604 0.247185
1 0.416854 0.215843 0.060375 0.064278
1 0.161188 0.319148 0.052604 0.086000
0 0.653630 0.356287 0.109490 0.096278
1 0.802188 0.763389 0.271042 0.333704
0 0.571078 0.593519 0.153260 0.175667
0 0.375521 0.320926 0.182146 0.207296
0 0.920521 0.564880 0.161042 0.205315
0 0.620411 0.508778 0.166156 0.141296
0 0.368964 0.436676 0.099260 0.111685
1 0.807188 0.583648 0.169937 0.203333
0 0.951630 0.738704 0.098823 0.169741
0 0.732297 0.462750 0.152594 0.131426
0 0.573854 0.380185 0.112146 0.104556
0 0.242964 0.307491 0.045490 0.086389
0 0.292302 0.369120 0.066375 0.084019
0 0.474297 0.323491 0.067260 0.097056
0 0.252078 0.264630 0.046823 0.055185
