0 0.964411 0.400926 0.073260 0.126296
0 0.766078 0.336722 0.116594 0.096667
0 0.614964 0.276481 0.089927 0.090741
1 0.503854 0.234019 0.076604 0.072963
0 0.424406 0.217222 0.057708 0.055185
0 0.368297 0.196479 0.045490 0.045302
0 0.142740 0.290306 0.041042 0.059130
0 0.907745 0.443398 0.186594 0.128278
1 0.808297 0.748574 0.272156 0.327778
0 0.574964 0.582657 0.158823 0.169759
0 0.381635 0.309074 0.181042 0.207296
0 0.929427 0.547667 0.143229 0.188593
0 0.630521 0.506602 0.165479 0.148019
0 0.418302 0.465120 0.114375 0.128278
1 0.813297 0.567833 0.175490 0.203333
0 0.954964 0.725870 0.092156 0.167778
0 0.755521 0.461167 0.153271 0.132222
0 0.613854 0.384130 0.121042 0.108519
0 0.281630 0.342657 0.069927 0.100611
0 0.344406 0.399935 0.077708 0.100611
0 0.489964 0.318954 0.066594 0.104574
0 0.283302 0.282407 0.037708 0.059148
0 0.246078 0.262648 0.043260 0.055185
0 0.207187 0.286361 0.047708 0.059130
