0 0.971854 0.415352 0.058375 0.115630
0 0.791078 0.353120 0.127927 0.119981
0 0.614411 0.302167 0.087927 0.078889
0 0.449854 0.237574 0.062375 0.068222
0 0.656297 0.849769 0.238823 0.304167
0 0.241854 0.432926 0.081479 0.108926
1 0.356745 0.202799 0.050823 0.051624
0 0.535073 0.304537 0.071042 0.074148
1 0.793302 0.753519 0.271042 0.321852
0 0.562188 0.591546 0.155479 0.175685
0 0.369406 0.314019 0.181042 0.209259
0 0.919417 0.567574 0.163250 0.210704
0 0.513521 0.476389 0.153708 0.116815
0 0.307745 0.392231 0.077260 0.101019
1 0.806411 0.586602 0.172823 0.207685
0 0.953854 0.741667 0.094375 0.171741
0 0.722964 0.465130 0.149490 0.122741
0 0.569411 0.388481 0.114823 0.109296
0 0.240078 0.277472 0.045490 0.065056
0 0.219297 0.325074 0.054594 0.073370
