0 0.979630 0.419491 0.042823 0.122352
0 0.833740 0.360824 0.132375 0.123537
0 0.678969 0.320926 0.101042 0.086407
0 0.504964 0.251593 0.072156 0.076519
0 0.397406 0.611889 0.145042 0.185556
1 0.396411 0.211497 0.058156 0.061117
0 0.852854 0.427593 0.125708 0.118000
0 0.536188 0.306306 0.082146 0.076130
1 0.802188 0.763389 0.271042 0.333704
0 0.571078 0.593519 0.153260 0.175667
0 0.375521 0.320926 0.182146 0.207296
0 0.920521 0.564880 0.161042 0.205315
0 0.600188 0.501269 0.163937 0.146833
0 0.349302 0.423250 0.092375 0.105352
1 0.807188 0.583648 0.169937 0.203333
0 0.951630 0.738704 0.098823 0.169741
0 0.724073 0.460380 0.149042 0.129056
0 0.573187 0.378806 0.114375 0.106537
0 0.240854 0.295444 0.042604 0.086000
0 0.272854 0.356676 0.064375 0.080463
0 0.473854 0.327241 0.067271 0.096667
0 0.243854 0.261861 0.047271 0.051241
