0 0.848854 0.368731 0.137708 0.125907
0 0.708187 0.330407 0.106604 0.090333
0 0.566297 0.272528 0.084156 0.086796
0 0.790745 0.944185 0.210823 0.115333
1 0.458406 0.233426 0.064375 0.071778
1 0.249078 0.434111 0.086156 0.131815
0 0.356521 0.205173 0.045937 0.050839
0 0.510188 0.300583 0.078146 0.078093
1 0.807188 0.758463 0.265479 0.327778
0 0.572740 0.594509 0.154375 0.169759
0 0.381078 0.315991 0.182156 0.205315
0 0.922188 0.559935 0.157708 0.199389
0 0.629411 0.515500 0.165490 0.150000
0 0.403854 0.463148 0.109479 0.124333
1 0.809964 0.585611 0.168823 0.215185
0 0.953854 0.732778 0.094375 0.165815
0 0.754411 0.469074 0.153260 0.124333
0 0.573854 0.380185 0.112146 0.104556
0 0.259521 0.328630 0.061708 0.085222
0 0.329630 0.398167 0.075260 0.093111
0 0.471630 0.325861 0.083260 0.098648
0 0.270411 0.279843 0.045260 0.057944
