0 0.855078 0.371889 0.139490 0.131444
0 0.708630 0.327639 0.104823 0.088759
0 0.570964 0.272731 0.083260 0.083241
1 0.466073 0.233222 0.067708 0.069815
1 0.283078 0.472435 0.100823 0.153944
0 0.369297 0.207546 0.047927 0.050056
0 0.565411 0.322306 0.088594 0.082833
1 0.807188 0.758463 0.265479 0.327778
0 0.572740 0.594509 0.154375 0.169759
0 0.381078 0.315991 0.182156 0.205315
0 0.922188 0.559935 0.157708 0.199389
0 0.629411 0.515500 0.165490 0.150000
0 0.410187 0.467685 0.110604 0.123926
1 0.809964 0.585611 0.168823 0.215185
0 0.953854 0.732778 0.094375 0.165815
0 0.754411 0.469074 0.153260 0.124333
0 0.573854 0.380185 0.112146 0.104556
0 0.264297 0.334157 0.064156 0.092315
0 0.333521 0.403889 0.075479 0.098259
0 0.471630 0.325861 0.083260 0.098648
0 0.274964 0.283593 0.044594 0.061519
