0 0.977630 0.417917 0.046823 0.118389
0 0.815521 0.361620 0.132375 0.128278
0 0.640630 0.306500 0.093260 0.083630
0 0.471411 0.242500 0.068594 0.074148
0 0.773411 0.898556 0.251260 0.206593
0 0.292297 0.490407 0.100156 0.134593
1 0.370740 0.204975 0.057042 0.055976
0 0.635188 0.344824 0.085479 0.097056
1 0.802188 0.763389 0.271042 0.333704
0 0.571078 0.593519 0.153260 0.175667
0 0.375521 0.320926 0.182146 0.207296
0 0.920521 0.564880 0.161042 0.205315
0 0.555854 0.485870 0.159708 0.131037
0 0.323073 0.403889 0.081708 0.105370
1 0.807188 0.583648 0.169937 0.203333
0 0.951630 0.738704 0.098823 0.169741
0 0.722630 0.461759 0.147490 0.123926
0 0.572854 0.386509 0.113708 0.107722
0 0.240188 0.281620 0.043937 0.070981
0 0.241854 0.337130 0.059708 0.075333
0 0.466521 0.328426 0.082812 0.106148
