0 0.861969 0.372083 0.139042 0.132611
0 0.709078 0.328037 0.106156 0.091148
0 0.574854 0.273324 0.083479 0.082056
1 0.472297 0.237176 0.069490 0.069019
1 0.321406 0.518056 0.121042 0.179630
0 0.380406 0.209917 0.051042 0.045315
0 0.626521 0.348185 0.103271 0.095074
1 0.807188 0.758463 0.265479 0.327778
0 0.572740 0.594509 0.154375 0.169759
0 0.381078 0.315991 0.182156 0.205315
0 0.922188 0.559935 0.157708 0.199389
0 0.629411 0.515500 0.165490 0.150000
0 0.415297 0.473815 0.111490 0.133815
1 0.809964 0.585611 0.168823 0.215185
0 0.953854 0.732778 0.094375 0.165815
0 0.754411 0.469074 0.153260 0.124333
0 0.573854 0.380185 0.112146 0.104556
0 0.268078 0.340481 0.064156 0.093111
0 0.338297 0.404093 0.075260 0.097852
0 0.471630 0.325861 0.083260 0.098648
0 0.278521 0.286556 0.044146 0.064259
