0 0.894745 0.383741 0.146823 0.136963
0 0.710964 0.326259 0.105490 0.086000
0 0.582078 0.273519 0.085490 0.084037
1 0.484745 0.235593 0.071260 0.069815
1 0.439521 0.648435 0.169708 0.252315
0 0.399969 0.215250 0.053708 0.053611
0 0.811635 0.426407 0.147708 0.123519
0 0.475521 0.277463 0.071938 0.068222
1 0.807188 0.758463 0.265479 0.327778
0 0.572740 0.594509 0.154375 0.169759
0 0.381078 0.315991 0.182156 0.205315
0 0.922188 0.559935 0.157708 0.199389
0 0.629411 0.515500 0.165490 0.150000
0 0.417745 0.474019 0.113260 0.126296
1 0.809964 0.585611 0.168823 0.215185
0 0.953854 0.732778 0.094375 0.165815
0 0.754411 0.469074 0.153260 0.124333
0 0.584521 0.382556 0.114812 0.107741
0 0.279411 0.343046 0.072156 0.092722
0 0.343740 0.406463 0.077708 0.100222
0 0.471630 0.325861 0.083260 0.098648
0 0.282854 0.284981 0.039938 0.058741
