0 0.928630 0.390454 0.144823 0.148019
0 0.721073 0.324685 0.105708 0.095481
0 0.588964 0.266796 0.085927 0.080074
1 0.491854 0.233611 0.071271 0.080074
1 0.626411 0.829028 0.268823 0.345648
0 0.411630 0.212484 0.054823 0.056772
0 0.576630 0.315787 0.092823 0.087981
1 0.808078 0.750556 0.270823 0.327778
0 0.574521 0.585028 0.157938 0.169759
0 0.381521 0.310463 0.181271 0.206889
0 0.923078 0.548870 0.155927 0.196222
0 0.630297 0.508380 0.165490 0.148426
0 0.418188 0.466898 0.114146 0.127870
1 0.812630 0.571389 0.174156 0.205704
0 0.954745 0.727250 0.092594 0.167389
0 0.755297 0.462750 0.153260 0.130648
0 0.597745 0.380972 0.118594 0.106944
0 0.281411 0.342852 0.069490 0.100222
0 0.344969 0.399935 0.078375 0.099833
0 0.476073 0.318750 0.074375 0.097056
0 0.283302 0.282407 0.037708 0.059148
