0 0.858854 0.371296 0.139937 0.134185
0 0.709969 0.328824 0.104375 0.092722
0 0.574406 0.272528 0.084375 0.086796
1 0.470521 0.234009 0.067708 0.069019
1 0.307188 0.500676 0.112146 0.163833
0 0.377740 0.208333 0.051042 0.045296
0 0.606073 0.338704 0.094375 0.088778
1 0.807188 0.758463 0.265479 0.327778
0 0.572740 0.594509 0.154375 0.169759
0 0.381078 0.315991 0.182156 0.205315
0 0.922188 0.559935 0.157708 0.199389
0 0.629411 0.515500 0.165490 0.150000
0 0.414411 0.473019 0.113260 0.132222
1 0.809964 0.585611 0.168823 0.215185
0 0.953854 0.732778 0.094375 0.165815
0 0.754411 0.469074 0.153260 0.124333
0 0.573854 0.380185 0.112146 0.104556
0 0.267188 0.339694 0.067708 0.094685
0 0.336073 0.404870 0.074375 0.102593
0 0.471630 0.325861 0.083260 0.098648
0 0.277188 0.283389 0.043271 0.061111
