0 0.848521 0.366556 0.137937 0.124704
0 0.709745 0.331991 0.106594 0.088759
0 0.564745 0.272537 0.083260 0.086000
0 0.768411 0.927991 0.243490 0.147722
1 0.456073 0.230259 0.065042 0.066259
1 0.238964 0.422454 0.083260 0.135389
0 0.353073 0.203595 0.047042 0.048476
0 0.493854 0.292685 0.070375 0.074148
1 0.807188 0.758463 0.265479 0.327778
0 0.572740 0.594509 0.154375 0.169759
0 0.381078 0.315991 0.182156 0.205315
0 0.922188 0.559935 0.157708 0.199389
0 0.629411 0.515500 0.165490 0.150000
0 0.403187 0.462556 0.107708 0.123926
1 0.809964 0.585611 0.168823 0.215185
0 0.953854 0.732778 0.094375 0.165815
0 0.754411 0.469074 0.153260 0.124333
0 0.573854 0.380185 0.112146 0.104556
0 0.257302 0.327843 0.059042 0.086796
0 0.327854 0.398750 0.074375 0.095093
0 0.471630 0.325861 0.083260 0.098648
0 0.269854 0.281028 0.044604 0.060315
