0 0.954187 0.399537 0.093708 0.129852
0 0.750521 0.328435 0.109938 0.086389
0 0.605630 0.274704 0.089490 0.088778
1 0.500188 0.236778 0.074604 0.076111
0 0.422521 0.217028 0.057479 0.055574
0 0.364745 0.198262 0.044594 0.049661
0 0.793630 0.405861 0.144594 0.117204
1 0.808297 0.748574 0.272156 0.327778
0 0.574964 0.582657 0.158823 0.169759
0 0.381635 0.309074 0.181042 0.207296
0 0.925964 0.546787 0.150156 0.192463
0 0.630521 0.506602 0.165479 0.148019
0 0.418302 0.465120 0.114375 0.128278
1 0.813297 0.567833 0.175490 0.203333
0 0.954964 0.725870 0.092156 0.167778
0 0.755521 0.461167 0.153271 0.132222
0 0.610969 0.387694 0.121042 0.105352
0 0.281630 0.342657 0.069927 0.100611
0 0.344406 0.399935 0.077708 0.100611
0 0.483521 0.319148 0.071479 0.097852
0 0.283302 0.282407 0.037708 0.059148
0 0.244745 0.261074 0.042823 0.052037
0 0.199187 0.279241 0.044604 0.057556
