0 0.842854 0.369519 0.135937 0.133000
0 0.704187 0.326852 0.103042 0.087185
0 0.533411 0.262065 0.078823 0.084019
0 0.550854 0.786704 0.213708 0.287889
1 0.426745 0.222361 0.063260 0.065463
1 0.176073 0.342065 0.059708 0.096278
0 0.735745 0.386111 0.131927 0.102185
1 0.802188 0.763389 0.271042 0.333704
0 0.571078 0.593519 0.153260 0.175667
0 0.375521 0.320926 0.182146 0.207296
0 0.920521 0.564880 0.161042 0.205315
0 0.626630 0.514500 0.166156 0.148815
0 0.380078 0.447741 0.099260 0.120370
1 0.807188 0.583648 0.169937 0.203333
0 0.951630 0.738704 0.098823 0.169741
0 0.739406 0.465519 0.153042 0.123519
0 0.573854 0.380185 0.112146 0.104556
0 0.244521 0.316380 0.048604 0.093907
0 0.300964 0.379991 0.070823 0.089944
0 0.474740 0.327843 0.070375 0.094685
0 0.257073 0.272926 0.051042 0.059926
