0 0.873297 0.378204 0.139927 0.132222
0 0.663297 0.306111 0.102156 0.098630
0 0.495521 0.255741 0.068812 0.069000
0 0.377740 0.207349 0.051042 0.055191
0 0.672745 0.855491 0.263260 0.292722
0 0.291078 0.476972 0.093260 0.136167
1 0.793302 0.753519 0.271042 0.321852
0 0.562188 0.591546 0.155479 0.175685
0 0.369406 0.314019 0.181042 0.209259
0 0.916438 0.574861 0.169208 0.225278
0 0.361635 0.430556 0.101042 0.110481
0 0.245521 0.330806 0.048813 0.076907
1 0.599411 0.459194 0.109927 0.163833
0 0.804964 0.626111 0.203260 0.177667
0 0.699411 0.458213 0.136594 0.130241
0 0.472188 0.332778 0.079937 0.080852
