0 0.978188 0.418500 0.045708 0.120370
0 0.827187 0.364380 0.135271 0.128278
0 0.659411 0.314602 0.097927 0.084019
0 0.488297 0.247639 0.069927 0.072574
0 0.844521 0.938852 0.203708 0.126000
0 0.338411 0.543741 0.120823 0.154333
1 0.382188 0.209321 0.055042 0.056765
0 0.724187 0.375241 0.100375 0.100222
0 0.472302 0.280231 0.069042 0.065056
1 0.802188 0.763389 0.271042 0.333704
0 0.571078 0.593519 0.153260 0.175667
0 0.375521 0.320926 0.182146 0.207296
0 0.920521 0.564880 0.161042 0.205315
0 0.580521 0.495741 0.161938 0.140519
0 0.335969 0.414157 0.085708 0.106944
1 0.807188 0.583648 0.169937 0.203333
0 0.951630 0.738704 0.098823 0.169741
0 0.724297 0.460778 0.145927 0.129852
0 0.571964 0.382750 0.113260 0.099426
0 0.240188 0.286556 0.041271 0.073741
0 0.257187 0.345222 0.061479 0.076519
0 0.471635 0.324676 0.074375 0.098648
