0 0.847187 0.368130 0.137042 0.131037
0 0.708854 0.329620 0.106604 0.090352
0 0.559854 0.270167 0.082375 0.081259
0 0.731521 0.902704 0.263937 0.198296
1 0.451630 0.229472 0.066823 0.067833
1 0.223854 0.401917 0.076146 0.116426
0 0.346411 0.202016 0.042594 0.042154
0 0.464969 0.277667 0.062375 0.066259
1 0.807188 0.758463 0.265479 0.327778
0 0.572740 0.594509 0.154375 0.169759
0 0.381078 0.315991 0.182156 0.205315
0 0.922188 0.559935 0.157708 0.199389
0 0.629411 0.515500 0.165490 0.150000
0 0.399635 0.460972 0.107708 0.120759
1 0.809964 0.585611 0.168823 0.215185
0 0.953854 0.732778 0.094375 0.165815
0 0.754406 0.473028 0.155042 0.129056
0 0.573854 0.380185 0.112146 0.104556
0 0.253745 0.327843 0.057260 0.089944
0 0.324302 0.396389 0.074375 0.096667
0 0.471630 0.325861 0.083260 0.098648
0 0.268078 0.278657 0.049927 0.061907
