0 0.961297 0.400926 0.079490 0.126296
0 0.758964 0.333565 0.114823 0.093500
0 0.610964 0.276481 0.090823 0.090741
1 0.502078 0.236380 0.074823 0.074537
0 0.424854 0.216435 0.058604 0.056759
0 0.364745 0.198852 0.047260 0.046889
0 0.866740 0.433917 0.165042 0.128278
1 0.808297 0.748574 0.272156 0.327778
0 0.574964 0.582657 0.158823 0.169759
0 0.381635 0.309074 0.181042 0.207296
0 0.928359 0.547389 0.145365 0.189778
0 0.630521 0.506602 0.165479 0.148019
0 0.418302 0.465120 0.114375 0.128278
1 0.813297 0.567833 0.175490 0.203333
0 0.954964 0.725870 0.092156 0.167778
0 0.755521 0.461167 0.153271 0.132222
0 0.611630 0.385722 0.121927 0.108519
0 0.281630 0.342657 0.069927 0.100611
0 0.344406 0.399935 0.077708 0.100611
0 0.486406 0.321315 0.068375 0.096667
0 0.283302 0.282407 0.037708 0.059148
0 0.244740 0.263444 0.042375 0.059926
0 0.204964 0.284778 0.043260 0.062296
