0 0.930630 0.401917 0.140823 0.143278
0 0.726745 0.330009 0.113490 0.112463
0 0.549297 0.278056 0.074156 0.076519
0 0.410745 0.220981 0.057490 0.061111
0 0.413297 0.605963 0.135927 0.201370
0 0.168302 0.335741 0.055708 0.075741
1 0.793302 0.753519 0.271042 0.321852
0 0.562188 0.591546 0.155479 0.175685
0 0.369406 0.314019 0.181042 0.209259
0 0.917729 0.571704 0.166625 0.218963
0 0.418630 0.451889 0.127490 0.112852
0 0.272521 0.361019 0.061042 0.088370
1 0.701073 0.516880 0.147042 0.168574
0 0.921854 0.712037 0.158375 0.195444
0 0.717964 0.459000 0.147490 0.122333
0 0.522635 0.360435 0.100375 0.095093
0 0.230521 0.263046 0.048604 0.068611
0 0.174521 0.282407 0.038375 0.056778
