0 0.922411 0.384139 0.157260 0.138537
0 0.717078 0.322315 0.106594 0.090741
0 0.586745 0.269963 0.086823 0.086407
1 0.489635 0.232037 0.070375 0.073741
1 0.560187 0.781370 0.230604 0.332519
0 0.408964 0.212481 0.054823 0.053593
0 0.947411 0.475000 0.107260 0.115630
0 0.542854 0.303148 0.087479 0.081667
1 0.807188 0.758463 0.265479 0.327778
0 0.572740 0.594509 0.154375 0.169759
0 0.381078 0.315991 0.182156 0.205315
0 0.922188 0.559935 0.157708 0.199389
0 0.629411 0.515500 0.165490 0.150000
0 0.417745 0.474019 0.113260 0.126296
1 0.809964 0.585611 0.168823 0.215185
0 0.953854 0.732778 0.094375 0.165815
0 0.754411 0.469074 0.153260 0.124333
0 0.593740 0.379398 0.117708 0.106944
0 0.281854 0.344426 0.072146 0.100222
0 0.344969 0.399944 0.078375 0.096667
0 0.471630 0.325861 0.083260 0.098648
0 0.284187 0.281611 0.037708 0.057556
