0 0.943630 0.413769 0.114823 0.151981
0 0.745297 0.337917 0.121260 0.116426
0 0.567964 0.285963 0.080823 0.075741
0 0.423078 0.225519 0.059490 0.059926
0 0.468521 0.671537 0.162812 0.235333
0 0.184521 0.358657 0.060146 0.084426
1 0.793302 0.753519 0.271042 0.321852
0 0.562188 0.591546 0.155479 0.175685
0 0.369406 0.314019 0.181042 0.209259
0 0.918198 0.570565 0.165688 0.216685
0 0.443630 0.462361 0.137490 0.116426
0 0.281630 0.367741 0.064156 0.082037
1 0.740969 0.534056 0.155708 0.166593
0 0.939187 0.730407 0.123708 0.183963
0 0.722964 0.463741 0.148594 0.122333
0 0.540078 0.370898 0.105927 0.099426
0 0.234964 0.271148 0.047260 0.072185
0 0.184302 0.298213 0.041042 0.059130
