0 0.980411 0.400926 0.041260 0.113667
0 0.789854 0.337917 0.120604 0.100611
0 0.626188 0.274704 0.094146 0.091148
1 0.511297 0.234611 0.076823 0.078889
0 0.430187 0.212682 0.059937 0.056376
0 0.373854 0.194509 0.044604 0.045315
0 0.163745 0.312630 0.048823 0.067444
1 0.808297 0.748574 0.272156 0.327778
0 0.574964 0.582657 0.158823 0.169759
0 0.381635 0.309074 0.181042 0.207296
0 0.934219 0.548889 0.133646 0.183222
0 0.630521 0.506602 0.165479 0.148019
0 0.418302 0.465120 0.114375 0.128278
1 0.813297 0.567833 0.175490 0.203333
0 0.954964 0.725870 0.092156 0.167778
0 0.755521 0.461167 0.153271 0.132222
0 0.613854 0.385120 0.123271 0.106537
0 0.281630 0.342657 0.069927 0.100611
0 0.344406 0.399935 0.077708 0.100611
0 0.495302 0.318556 0.069708 0.102185
0 0.283302 0.282407 0.037708 0.059148
0 0.247188 0.257120 0.043271 0.053611
0 0.217964 0.291296 0.047490 0.062704
