1 0.925745 0.283981 0.150594 0.142889
0 0.723854 0.221963 0.110812 0.093111
0 0.610521 0.188382 0.084146 0.074939
0 0.525188 0.150849 0.072604 0.072561
0 0.460854 0.141963 0.047938 0.052419
0 0.517964 0.194509 0.066156 0.069019
1 0.829406 0.659102 0.271708 0.322648
0 0.594073 0.499296 0.158375 0.168963
0 0.397745 0.224333 0.182156 0.202148
0 0.952521 0.463148 0.097042 0.171741
0 0.649188 0.417519 0.162812 0.143667
0 0.436078 0.385130 0.111260 0.128667
1 0.834964 0.481315 0.177490 0.198593
0 0.965854 0.626111 0.070375 0.143667
0 0.807406 0.387694 0.158375 0.129056
0 0.630745 0.304139 0.120594 0.106537
0 0.301740 0.264630 0.072375 0.100222
0 0.361411 0.320731 0.077490 0.098648
0 0.519078 0.244676 0.079927 0.102981
0 0.301297 0.203392 0.045260 0.062291
0 0.260521 0.182065 0.042375 0.053611
0 0.250745 0.233815 0.043260 0.071000
