0 0.868188 0.378407 0.141271 0.133407
0 0.709969 0.329028 0.104375 0.089944
0 0.578297 0.275296 0.085490 0.084407
1 0.475411 0.236972 0.068594 0.070204
1 0.344521 0.544926 0.128604 0.191481
0 0.385188 0.214648 0.051271 0.054000
0 0.667188 0.367148 0.110375 0.105370
1 0.807188 0.758463 0.265479 0.327778
0 0.572740 0.594509 0.154375 0.169759
0 0.381078 0.315991 0.182156 0.205315
0 0.922188 0.559935 0.157708 0.199389
0 0.629411 0.515500 0.165490 0.150000
0 0.417302 0.474019 0.112375 0.126296
1 0.809964 0.585611 0.168823 0.215185
0 0.953854 0.732778 0.094375 0.165815
0 0.754411 0.469074 0.153260 0.124333
0 0.576187 0.381574 0.113708 0.107333
0 0.271521 0.342852 0.067042 0.096259
0 0.339854 0.405472 0.074812 0.098241
0 0.471630 0.325861 0.083260 0.098648
0 0.279964 0.287343 0.043927 0.064278
