0 0.907740 0.357472 0.144375 0.118389
0 0.717740 0.295250 0.111042 0.104574
1 0.614411 0.244870 0.093260 0.090741
0 0.511630 0.218213 0.069927 0.065056
0 0.443854 0.195497 0.054375 0.055191
0 0.199411 0.346611 0.065490 0.084815
0 0.503302 0.250796 0.071042 0.078889
1 0.814964 0.723889 0.272156 0.325815
0 0.579964 0.561917 0.155490 0.171722
0 0.383854 0.289324 0.183271 0.207278
0 0.944964 0.530306 0.112156 0.171722
0 0.634964 0.483889 0.165490 0.142111
0 0.422740 0.448333 0.114375 0.126296
1 0.819406 0.547102 0.174375 0.205315
0 0.957745 0.695250 0.086594 0.153944
0 0.762188 0.439444 0.155479 0.128259
0 0.616073 0.366352 0.121042 0.108519
0 0.286630 0.326852 0.068823 0.096667
0 0.348297 0.382167 0.076594 0.096667
0 0.501073 0.310065 0.091042 0.106537
0 0.290521 0.262657 0.043271 0.059130
0 0.247745 0.243889 0.039927 0.053222
0 0.239411 0.294259 0.045490 0.071000
