0 0.956188 0.408241 0.089708 0.122741
0 0.764740 0.345019 0.123708 0.120370
0 0.588073 0.292870 0.083708 0.077704
0 0.434521 0.232435 0.058375 0.066648
0 0.539854 0.741861 0.190375 0.265352
0 0.205188 0.384537 0.065479 0.091926
1 0.793302 0.753519 0.271042 0.321852
0 0.562188 0.591546 0.155479 0.175685
0 0.369406 0.314019 0.181042 0.209259
0 0.918698 0.569333 0.164687 0.214222
0 0.471521 0.467491 0.143479 0.114833
0 0.291740 0.378009 0.068375 0.087574
1 0.777964 0.558361 0.164823 0.181204
0 0.951521 0.734157 0.099042 0.163833
0 0.723745 0.463741 0.146594 0.121556
0 0.555411 0.380389 0.106823 0.102593
0 0.239073 0.273519 0.043042 0.070593
0 0.196745 0.311046 0.041927 0.061907
