0 0.092818 0.839843 0.183552 0.265352
0 0.581188 0.882556 0.137937 0.238593
0 0.030819 0.626111 0.059555 0.206889
0 0.491745 0.215836 0.058594 0.101402
0 0.676078 0.283000 0.075260 0.129074
0 0.588411 0.145120 0.050594 0.091130
0 0.397854 0.169815 0.063271 0.095481
0 0.771969 0.021210 0.044375 0.038717
0 0.451411 0.087444 0.051260 0.072963
0 0.535854 0.069271 0.044604 0.067431
0 0.856406 0.041951 0.056375 0.080198
0 0.648740 0.032469 0.039708 0.061235
0 0.952854 0.063148 0.065271 0.071778
0 0.959187 0.314806 0.083708 0.146833
