0 0.062484 0.845620 0.122885 0.312463
0 0.340406 0.305130 0.081708 0.125111
0 0.615411 0.702352 0.128156 0.301704
0 0.587745 0.272731 0.066156 0.123537
0 0.769297 0.018840 0.048823 0.033976
0 0.289745 0.190753 0.079490 0.101013
0 0.516073 0.077370 0.042375 0.062296
0 0.647078 0.074407 0.046594 0.066641
0 0.588521 0.031284 0.036146 0.058865
0 0.457297 0.034840 0.042156 0.065976
0 0.882078 0.162704 0.081490 0.086000
0 0.488411 0.010938 0.031490 0.018173
0 0.549521 0.010938 0.031042 0.018173
0 0.986745 0.220386 0.028594 0.083635
