0 0.280078 0.438259 0.105490 0.174889
0 0.572078 0.643889 0.114823 0.282741
0 0.810078 0.784731 0.162823 0.303685
0 0.526073 0.280037 0.069042 0.127074
0 0.763854 0.015284 0.041042 0.026865
0 0.581635 0.165269 0.054375 0.093500
0 0.679740 0.188581 0.060375 0.088765
0 0.505297 0.102062 0.049260 0.073754
0 0.892964 0.034642 0.057927 0.065580
0 0.836078 0.135444 0.068594 0.085211
0 0.899740 0.104432 0.065708 0.072172
1 0.657521 0.038197 0.041271 0.072691
0 0.966297 0.194114 0.069490 0.098254
0 0.949188 0.293074 0.103708 0.116037
