0 0.268078 0.467491 0.109927 0.181204
0 0.571854 0.699194 0.122375 0.303278
0 0.825854 0.831352 0.173042 0.267333
0 0.524964 0.300972 0.073927 0.124722
0 0.760521 0.012519 0.038812 0.021333
0 0.580521 0.175942 0.056604 0.099043
0 0.682630 0.202405 0.063490 0.092709
0 0.502630 0.110754 0.050156 0.075333
0 0.888964 0.031086 0.056156 0.058469
0 0.830521 0.125963 0.063708 0.082048
0 0.894854 0.098111 0.063938 0.070593
1 0.658188 0.041753 0.041708 0.079802
0 0.962297 0.183444 0.077490 0.089556
0 0.937745 0.274898 0.095927 0.111278
