0 0.053298 0.195497 0.042153 0.043339
0 0.031597 0.216241 0.061111 0.049259
1 0.161073 0.167840 0.044375 0.047283
1 0.086078 0.173766 0.045490 0.047283
0 0.923854 0.918704 0.154375 0.166296
0 0.228297 0.237963 0.063260 0.069000
0 0.329964 0.259685 0.068823 0.061111
0 0.284969 0.413759 0.127708 0.144074
2 0.577745 0.267593 0.155490 0.136185
0 0.618854 0.410806 0.124375 0.110500
0 0.725521 0.379204 0.151042 0.114444
1 0.793854 0.301176 0.141042 0.112463
0 0.034375 0.483889 0.066667 0.130259
0 0.012708 0.295250 0.023333 0.057167
