0 0.621589 0.103252 0.034844 0.052015
1 0.613880 0.064306 0.028073 0.053935
0 0.562240 0.055894 0.023854 0.044481
0 0.902318 0.262944 0.074219 0.096407
0 0.449661 0.470213 0.174094 0.506056
0 0.541130 0.244204 0.063260 0.096074
1 0.649010 0.491796 0.113542 0.247037
0 0.604948 0.336509 0.065417 0.123019
0 0.713646 0.300444 0.081667 0.135481
0 0.504964 0.073753 0.051260 0.143802
0 0.577891 0.119678 0.036198 0.056663
0 0.658750 0.177366 0.051875 0.072046
0 0.691224 0.085059 0.038906 0.054733
0 0.621979 0.104770 0.034583 0.051848
