0 0.590885 0.247565 0.056771 0.089352
0 0.789896 0.481222 0.124896 0.225889
0 0.723672 0.063907 0.035677 0.045122
0 0.572500 0.168713 0.045937 0.068204
0 0.564089 0.111981 0.038906 0.062426
0 0.607109 0.087946 0.030781 0.043200
1 0.485677 0.145153 0.063792 0.082620
0 0.554115 0.054292 0.023229 0.037428
0 0.894036 0.367759 0.112448 0.143185
0 0.462188 0.407639 0.142146 0.412315
0 0.476891 0.136824 0.025281 0.088389
1 0.631927 0.483704 0.097917 0.177000
0 0.592057 0.249333 0.056927 0.091593
0 0.796719 0.494991 0.129688 0.234870
0 0.722448 0.061503 0.035729 0.045120
