0 0.639792 0.144917 0.044375 0.061315
1 0.510964 0.157583 0.059010 0.078944
0 0.558698 0.084341 0.030417 0.047207
0 0.792344 0.231694 0.068854 0.090315
0 0.965495 0.318713 0.064323 0.112426
0 0.557187 0.044917 0.023125 0.030859
0 0.584609 0.039707 0.022031 0.028133
0 0.458021 0.481519 0.161812 0.513074
0 0.483510 0.141792 0.028083 0.060509
0 0.641719 0.489380 0.096771 0.165315
0 0.694453 0.039868 0.028073 0.037428
0 0.588984 0.266306 0.051927 0.103759
0 0.578724 0.151889 0.038906 0.063389
0 0.640078 0.147560 0.044844 0.060509
1 0.511083 0.158144 0.058354 0.077824
