0 0.570495 0.167111 0.042656 0.061148
0 0.566250 0.112625 0.033854 0.063713
0 0.609089 0.088586 0.032552 0.043198
1 0.484958 0.145157 0.073167 0.072370
0 0.556068 0.055254 0.022865 0.039352
0 0.908646 0.391463 0.123646 0.136778
0 0.464406 0.396185 0.139042 0.398889
0 0.477833 0.137944 0.024292 0.081667
1 0.625365 0.456213 0.090521 0.168204
0 0.591562 0.241315 0.055417 0.093185
0 0.773281 0.445407 0.115417 0.206185
0 0.728672 0.065348 0.029948 0.041274
0 0.571016 0.167509 0.043490 0.062907
0 0.565729 0.112463 0.035104 0.063389
0 0.608568 0.088428 0.032135 0.043200
