1 0.663073 0.161028 0.054062 0.099944
0 0.579115 0.129532 0.039688 0.062917
0 0.707161 0.056695 0.031302 0.048006
0 0.590885 0.091071 0.034583 0.051376
0 0.556667 0.047561 0.025104 0.038389
0 0.830755 0.186986 0.069740 0.083583
0 0.439521 0.564778 0.202375 0.659815
0 0.650000 0.486009 0.116979 0.172685
0 0.696797 0.910065 0.163698 0.150241
0 0.498714 0.103583 0.062427 0.203463
0 0.606120 0.255565 0.060156 0.100241
0 0.929609 0.842259 0.142865 0.273630
0 0.697083 0.261833 0.067917 0.108259
1 0.664167 0.162792 0.054375 0.099935
0 0.579792 0.131375 0.040313 0.063398
