0 0.596745 0.256380 0.057656 0.100574
0 0.823932 0.550130 0.148802 0.270778
0 0.717578 0.051887 0.036094 0.045122
0 0.571797 0.168306 0.043698 0.067389
0 0.564557 0.115591 0.038906 0.053615
0 0.613177 0.089149 0.035729 0.052017
1 0.487490 0.141551 0.074604 0.080213
0 0.554323 0.052288 0.024583 0.041435
0 0.877604 0.339713 0.107500 0.136796
0 0.459406 0.419491 0.147708 0.436019
0 0.477563 0.138426 0.019437 0.078778
1 0.641172 0.532176 0.106510 0.216278
0 0.597917 0.258148 0.057813 0.102815
0 0.830755 0.563907 0.153594 0.279741
0 0.716380 0.049484 0.036198 0.045120
