0 0.636589 0.130171 0.042135 0.063546
1 0.509391 0.154051 0.062365 0.085343
0 0.559557 0.072959 0.028906 0.052007
0 0.803594 0.241630 0.071979 0.097667
0 0.456854 0.479741 0.163479 0.509519
0 0.481349 0.137468 0.028073 0.069157
0 0.634427 0.426398 0.082188 0.145130
0 0.698255 0.038427 0.024844 0.032620
0 0.588437 0.244194 0.060521 0.086463
0 0.575469 0.146602 0.037812 0.066278
0 0.638203 0.131694 0.042135 0.065315
1 0.510281 0.154778 0.062146 0.084556
0 0.560052 0.073520 0.028646 0.052811
0 0.801797 0.238907 0.069740 0.095111
0 0.980833 0.347556 0.031875 0.112444
