0 0.757995 0.389157 0.092969 0.137907
1 0.696771 0.223037 0.064583 0.121074
0 0.595755 0.183380 0.044323 0.071574
0 0.691224 0.044435 0.027552 0.038870
0 0.597240 0.126648 0.038125 0.051370
0 0.566016 0.074965 0.027552 0.042237
0 0.775729 0.128810 0.050521 0.065306
0 0.937448 0.195880 0.075938 0.088870
0 0.437073 0.646806 0.248375 0.710093
0 0.811641 0.811981 0.221719 0.288074
0 0.496411 0.113454 0.071490 0.223204
0 0.625234 0.343398 0.073177 0.127796
0 0.760964 0.397074 0.093698 0.139037
1 0.697865 0.226565 0.065937 0.121722
