1 0.721745 0.267278 0.078385 0.146074
0 0.601693 0.215833 0.051302 0.087444
0 0.594661 0.150926 0.044844 0.076852
0 0.568151 0.086024 0.029740 0.048970
0 0.747188 0.097558 0.045937 0.052809
0 0.877005 0.146116 0.062135 0.071083
0 0.596536 0.044676 0.024844 0.039352
0 0.546510 0.041793 0.021042 0.039352
0 0.897292 0.359093 0.118958 0.154741
0 0.462693 0.124002 0.024302 0.065311
0 0.424078 0.659343 0.284156 0.685019
0 0.494078 0.127738 0.072156 0.227821
0 0.638021 0.412537 0.088438 0.153926
0 0.818203 0.525194 0.131406 0.203611
