0 0.600964 0.271926 0.061823 0.104741
0 0.867526 0.645315 0.179531 0.298963
0 0.716354 0.047881 0.036875 0.035507
0 0.570599 0.171435 0.046094 0.073648
0 0.565365 0.118877 0.041771 0.058265
0 0.614948 0.095796 0.037083 0.061463
1 0.491448 0.141468 0.075333 0.083583
0 0.555443 0.054451 0.025573 0.038391
0 0.860755 0.320639 0.101823 0.131648
0 0.457854 0.431148 0.153042 0.454593
0 0.476438 0.137625 0.020792 0.080380
1 0.656042 0.615907 0.116458 0.236296
0 0.601745 0.275361 0.062760 0.105204
0 0.876719 0.665667 0.186042 0.303778
0 0.716354 0.047481 0.037083 0.033102
