0 0.461969 0.115347 0.025750 0.056657
0 0.966510 0.324407 0.069062 0.111963
0 0.408687 0.674259 0.325812 0.655185
0 0.491078 0.127343 0.075490 0.230981
0 0.650104 0.491315 0.101667 0.182630
0 0.885365 0.675926 0.178437 0.269185
1 0.746354 0.315833 0.090833 0.181667
0 0.608177 0.247565 0.061042 0.104722
0 0.596302 0.170634 0.051354 0.083583
0 0.571953 0.090349 0.032969 0.048006
0 0.730130 0.075928 0.038906 0.055700
0 0.838594 0.114385 0.057813 0.069156
0 0.598177 0.046599 0.029167 0.039350
0 0.544635 0.041791 0.029167 0.033581
