0 0.677135 0.219194 0.064896 0.109537
0 0.762057 0.087466 0.044323 0.055698
0 0.567344 0.125444 0.037812 0.050889
0 0.561380 0.083618 0.030260 0.046080
0 0.596823 0.058618 0.028646 0.042235
1 0.476479 0.136986 0.059458 0.072046
0 0.480635 0.292090 0.112375 0.300524
0 0.480453 0.127208 0.031510 0.064991
1 0.599844 0.266148 0.058646 0.096074
0 0.580833 0.163023 0.040625 0.072843
0 0.750651 0.416880 0.094323 0.171574
0 0.679219 0.222722 0.066354 0.112111
0 0.761172 0.086744 0.043594 0.055863
0 0.567344 0.126245 0.037083 0.051213
