0 0.572370 0.168639 0.045469 0.068056
0 0.564193 0.112705 0.038906 0.060665
0 0.608333 0.088186 0.031771 0.044961
1 0.486036 0.144435 0.065948 0.082148
0 0.554141 0.053891 0.023490 0.038230
0 0.890729 0.362148 0.111458 0.141926
0 0.461630 0.410009 0.143260 0.417056
0 0.477026 0.137144 0.024115 0.086472
1 0.633776 0.493398 0.099635 0.184870
0 0.593229 0.251093 0.057083 0.093852
0 0.803516 0.508778 0.134427 0.243815
0 0.721224 0.059099 0.035885 0.045120
0 0.572214 0.168556 0.045052 0.067889
0 0.564297 0.113427 0.038906 0.058906
0 0.609531 0.088426 0.032813 0.046722
