0 0.713646 0.061984 0.026458 0.037428
0 0.801536 0.089869 0.045365 0.050893
0 0.607630 0.070638 0.030781 0.045120
0 0.543568 0.054292 0.028073 0.035506
0 0.756094 0.164870 0.057292 0.079741
0 0.479729 0.130736 0.071354 0.057620
0 0.899687 0.236500 0.088125 0.094148
0 0.411630 0.718806 0.332156 0.566093
0 0.489578 0.149762 0.080927 0.245402
0 0.700703 0.744593 0.156198 0.294630
1 0.820781 0.465519 0.137396 0.248963
0 0.625339 0.327537 0.074323 0.129741
0 0.601510 0.213352 0.056771 0.096889
0 0.580260 0.118713 0.037812 0.051537
0 0.712214 0.060701 0.028281 0.038391
