0 0.558411 0.086504 0.030781 0.046085
0 0.790469 0.230250 0.068646 0.089352
0 0.962448 0.312944 0.070833 0.112444
0 0.557344 0.045157 0.023229 0.028774
0 0.584661 0.040349 0.022656 0.028776
0 0.457740 0.481713 0.161708 0.512278
0 0.483693 0.141949 0.028615 0.060824
0 0.643672 0.502861 0.099010 0.173648
0 0.589792 0.268157 0.052396 0.103611
0 0.577969 0.152528 0.039271 0.063074
0 0.641276 0.149403 0.044115 0.061306
1 0.511151 0.158222 0.058115 0.079593
0 0.558568 0.086423 0.030365 0.046246
0 0.788698 0.227847 0.068021 0.089676
0 0.959583 0.307500 0.073333 0.111148
