1 0.484990 0.145875 0.076479 0.070602
0 0.556536 0.052369 0.024844 0.037430
0 0.928099 0.420880 0.120052 0.140796
0 0.467187 0.379398 0.136813 0.389019
0 0.478734 0.138745 0.025031 0.075565
1 0.619010 0.416954 0.079479 0.153796
0 0.591849 0.228171 0.051510 0.090324
0 0.930677 0.859593 0.140729 0.238407
0 0.749792 0.389398 0.103438 0.178130
0 0.734844 0.067271 0.029167 0.041594
0 0.571406 0.162468 0.040521 0.057620
0 0.566094 0.110862 0.031354 0.062109
0 0.608646 0.086022 0.032396 0.045122
1 0.484865 0.145639 0.076938 0.069481
0 0.556693 0.053490 0.024115 0.038391
