0 0.577604 0.133620 0.040521 0.064352
0 0.686458 0.227366 0.066771 0.094157
0 0.669167 0.045397 0.032188 0.042717
0 0.630625 0.121117 0.042188 0.057619
1 0.621563 0.076166 0.036979 0.063872
0 0.563828 0.059580 0.027552 0.039352
0 0.814115 0.169681 0.061875 0.074935
0 0.447823 0.460676 0.171208 0.513056
0 0.559036 0.261185 0.076406 0.108259
1 0.675885 0.652519 0.144167 0.364037
0 0.613411 0.415037 0.087448 0.160185
0 0.791276 0.466000 0.129427 0.231333
0 0.503297 0.081358 0.054927 0.159013
0 0.577995 0.134741 0.040365 0.065000
