0 0.568151 0.077688 0.029740 0.049606
0 0.626224 0.097882 0.035469 0.043198
0 0.760260 0.174009 0.059792 0.077500
0 0.595104 0.059900 0.027708 0.042237
0 0.452911 0.472139 0.170490 0.512463
0 0.515281 0.207903 0.049438 0.080231
0 0.672682 0.731213 0.142969 0.316278
1 0.594922 0.318713 0.089740 0.165315
0 0.590339 0.252852 0.058385 0.100889
0 0.842656 0.615593 0.167604 0.314852
0 0.637682 0.165356 0.055677 0.087435
0 0.510687 0.061358 0.045375 0.119013
0 0.732188 0.052129 0.033229 0.047524
0 0.567865 0.077369 0.029167 0.049930
0 0.626979 0.099244 0.035937 0.045604
