0 0.909948 0.805741 0.182188 0.326852
0 0.736094 0.349009 0.098437 0.161463
0 0.737161 0.068234 0.038906 0.049928
0 0.575182 0.154773 0.039427 0.057620
0 0.563568 0.106696 0.031302 0.057626
0 0.605755 0.080256 0.030260 0.048970
1 0.485406 0.146597 0.075125 0.073972
0 0.555990 0.049002 0.026979 0.034544
0 0.942943 0.438426 0.116198 0.148000
0 0.468854 0.369324 0.135479 0.383093
0 0.478469 0.137782 0.029354 0.079417
1 0.616563 0.384731 0.071354 0.133574
0 0.591328 0.217833 0.047760 0.080222
0 0.915130 0.819194 0.171823 0.304759
0 0.739531 0.359093 0.099687 0.165630
