0 0.563568 0.104451 0.030573 0.054413
0 0.603750 0.076725 0.029167 0.044476
1 0.485042 0.145796 0.067562 0.073000
0 0.556901 0.046759 0.026615 0.036467
0 0.950703 0.459259 0.100677 0.152519
0 0.471297 0.356679 0.130594 0.368865
0 0.479729 0.136500 0.029708 0.077815
1 0.612109 0.357417 0.067865 0.123500
0 0.588724 0.207662 0.047031 0.075898
0 0.879010 0.727852 0.166250 0.300889
0 0.726771 0.331454 0.089479 0.157130
0 0.739896 0.071840 0.037292 0.048487
0 0.572604 0.153810 0.038646 0.056657
0 0.563568 0.105012 0.030781 0.055217
0 0.604245 0.077607 0.029427 0.045600
1 0.485135 0.146000 0.069458 0.073241
