0 0.472469 0.211884 0.053896 0.086231
0 0.443344 0.757491 0.150979 0.306796
0 0.542583 0.232981 0.060354 0.109259
0 0.595443 0.442009 0.097031 0.178278
0 0.644010 0.234907 0.058229 0.097741
0 0.578203 0.162023 0.045260 0.074731
0 0.804193 0.115033 0.048490 0.065137
0 0.766432 0.164898 0.052865 0.076648
0 0.651016 0.161065 0.042031 0.076648
1 0.594375 0.094899 0.043125 0.090072
1 0.843568 0.150514 0.060365 0.097750
0 0.439578 0.185032 0.076552 0.070898
0 0.872682 0.266546 0.075469 0.099648
0 0.882943 0.438176 0.117552 0.166759
0 0.494411 0.108577 0.128823 0.161846
