0 0.473375 0.209486 0.055708 0.081435
0 0.462219 0.681574 0.138375 0.263630
0 0.546630 0.225787 0.057677 0.107648
0 0.605339 0.409250 0.089844 0.157500
0 0.645365 0.222111 0.055521 0.094556
0 0.579974 0.154829 0.045260 0.069935
0 0.809583 0.120625 0.048542 0.066731
0 0.773177 0.176880 0.055521 0.078241
0 0.651016 0.149875 0.042031 0.070250
1 0.597057 0.092501 0.041302 0.085276
1 0.852995 0.162500 0.063073 0.108926
0 0.438224 0.185838 0.079260 0.075694
0 0.885286 0.290509 0.080885 0.109241
0 0.907214 0.490926 0.133698 0.179556
0 0.493021 0.107098 0.128271 0.158889
