0 0.694531 0.733731 0.131458 0.292648
0 0.491234 0.501880 0.101594 0.179944
0 0.470464 0.220477 0.054948 0.078269
0 0.655547 0.352278 0.079010 0.179963
0 0.553339 0.261287 0.065510 0.117130
0 0.645703 0.127866 0.038177 0.065324
0 0.597891 0.096928 0.029427 0.048922
0 0.751328 0.166079 0.046927 0.073102
0 0.805625 0.153120 0.049167 0.073093
0 0.859167 0.125922 0.048438 0.067915
0 0.797604 0.092567 0.038958 0.055607
0 0.964453 0.084794 0.073177 0.062078
0 0.574479 0.184537 0.048021 0.076333
1 0.583229 0.117825 0.035625 0.075035
0 0.845703 0.412185 0.108906 0.154704
0 0.487411 0.119843 0.124594 0.159093
