0 0.475531 0.200056 0.053542 0.080481
0 0.382396 0.733519 0.169333 0.348333
0 0.562198 0.887361 0.175813 0.228981
0 0.522828 0.383519 0.083406 0.146963
0 0.639661 0.517444 0.097760 0.193630
1 0.562708 0.198144 0.063958 0.149528
0 0.456109 0.174486 0.085906 0.070250
0 0.759974 0.063894 0.033385 0.053631
0 0.732995 0.095219 0.042031 0.060026
0 0.821458 0.094898 0.044896 0.063222
0 0.599583 0.148273 0.044167 0.067694
0 0.867839 0.180245 0.065052 0.086880
0 0.949479 0.161699 0.069375 0.100935
0 0.577135 0.091701 0.042396 0.072172
0 0.646693 0.065812 0.031927 0.057469
0 0.494927 0.100152 0.127187 0.150000
