0 0.523302 0.402787 0.087042 0.150167
0 0.661719 0.260306 0.056458 0.100944
0 0.563177 0.237000 0.056042 0.085407
0 0.474292 0.226954 0.054583 0.075685
0 0.644427 0.172556 0.048021 0.100296
0 0.584870 0.154417 0.041823 0.076981
0 0.640599 0.078321 0.027240 0.046543
0 0.601068 0.083176 0.026927 0.045889
0 0.893594 0.457509 0.114375 0.163759
0 0.939323 0.357130 0.095729 0.132667
0 0.960078 0.235370 0.081927 0.096407
0 0.857005 0.160565 0.062240 0.073722
0 0.870469 0.117828 0.049896 0.062085
0 0.489630 0.123595 0.125927 0.146846
