0 0.471797 0.219676 0.052760 0.080463
0 0.690938 0.850222 0.186667 0.303259
0 0.458604 0.531435 0.123813 0.228722
0 0.651172 0.218023 0.053490 0.092509
0 0.597396 0.118236 0.033125 0.057491
0 0.718229 0.084167 0.033542 0.052593
0 0.766198 0.087218 0.035104 0.058694
0 0.814609 0.072037 0.035573 0.058333
0 0.537656 0.309185 0.071979 0.121852
1 0.568203 0.153292 0.039323 0.094157
0 0.758203 0.202634 0.060365 0.083065
0 0.648802 0.100386 0.034687 0.055172
0 0.934688 0.297028 0.088646 0.114796
0 0.915807 0.504000 0.124115 0.182111
0 0.561667 0.099460 0.033125 0.062598
0 0.488302 0.112528 0.127708 0.153944
