0 0.474005 0.209167 0.055156 0.079519
0 0.395792 0.884481 0.182812 0.234741
0 0.534849 0.255352 0.063948 0.117556
0 0.574688 0.523204 0.111250 0.208333
0 0.642656 0.267981 0.060937 0.112111
0 0.574870 0.171125 0.046198 0.075046
0 0.791771 0.093937 0.041667 0.061941
0 0.756276 0.139963 0.049740 0.069611
0 0.649557 0.177523 0.046719 0.081435
1 0.595000 0.101451 0.044375 0.091672
1 0.825677 0.126858 0.054479 0.091987
0 0.444245 0.184074 0.076906 0.072815
0 0.847344 0.221954 0.068646 0.087833
0 0.843281 0.350287 0.098646 0.133537
0 0.490802 0.102556 0.126042 0.158889
