0 0.471646 0.219769 0.052937 0.079944
0 0.691068 0.861667 0.185990 0.280370
0 0.454318 0.543130 0.126177 0.235296
0 0.651380 0.221653 0.053490 0.093139
0 0.597135 0.119169 0.033125 0.057496
0 0.717786 0.083525 0.032865 0.051728
0 0.765703 0.086164 0.035156 0.057006
0 0.813464 0.071647 0.035365 0.057428
0 0.535995 0.314194 0.073010 0.124537
1 0.567630 0.154671 0.039323 0.093694
0 0.757266 0.200023 0.059427 0.081880
0 0.648802 0.101776 0.034687 0.054707
0 0.930990 0.292556 0.087083 0.113000
0 0.910859 0.494213 0.121719 0.177056
0 0.561927 0.099693 0.033125 0.061670
0 0.488411 0.112926 0.127927 0.154741
