0 0.473911 0.203574 0.053177 0.080481
0 0.521208 0.301065 0.075500 0.143759
0 0.521547 0.723611 0.154927 0.286333
0 0.638437 0.326944 0.071146 0.134185
0 0.567214 0.194787 0.052448 0.082722
0 0.776953 0.066610 0.039740 0.054591
0 0.740729 0.102088 0.043438 0.060343
0 0.647057 0.210440 0.050677 0.094861
1 0.588516 0.109918 0.046510 0.099017
1 0.801042 0.089944 0.046875 0.074409
0 0.449911 0.176722 0.082490 0.072815
0 0.816406 0.166176 0.057500 0.079204
0 0.798620 0.247852 0.075469 0.101259
0 0.958542 0.264944 0.085000 0.111148
0 0.492802 0.101667 0.128042 0.153556
