0 0.472469 0.214116 0.053896 0.083028
0 0.564167 0.260778 0.056771 0.100926
1 0.469073 0.594796 0.116125 0.292074
0 0.667891 0.438815 0.088073 0.160370
0 0.761953 0.060794 0.031615 0.048191
0 0.728672 0.093940 0.035573 0.058750
0 0.567760 0.147005 0.046667 0.081769
0 0.649036 0.178644 0.047448 0.083676
0 0.798438 0.103526 0.041354 0.062578
0 0.649766 0.114394 0.038073 0.065139
0 0.599219 0.108323 0.036250 0.059391
0 0.965990 0.385120 0.070104 0.146315
0 0.953958 0.691009 0.094167 0.233907
0 0.490188 0.107987 0.125708 0.153556
