0 0.473370 0.209329 0.054969 0.078565
0 0.490453 0.401741 0.092740 0.177000
0 0.626719 0.461509 0.093438 0.185315
0 0.555000 0.244167 0.056458 0.094556
0 0.729349 0.079740 0.036719 0.055631
0 0.643802 0.287630 0.060000 0.112444
1 0.581068 0.141881 0.050990 0.111163
1 0.778958 0.065149 0.038333 0.070017
0 0.451557 0.183144 0.079615 0.069380
0 0.787500 0.123509 0.045729 0.064389
0 0.764453 0.182796 0.056094 0.080481
0 0.886172 0.186949 0.070052 0.082398
0 0.607135 0.107461 0.034271 0.059337
0 0.970391 0.359593 0.061302 0.142333
0 0.491297 0.102259 0.127490 0.154741
