0 0.519656 0.413796 0.088500 0.155333
0 0.662266 0.266139 0.056823 0.100944
0 0.561719 0.241852 0.056771 0.087333
0 0.474292 0.228250 0.054583 0.075685
0 0.644245 0.176769 0.049115 0.104833
0 0.584141 0.156361 0.042552 0.079574
0 0.640417 0.079612 0.026146 0.046535
0 0.601068 0.083500 0.026198 0.046537
0 0.884141 0.436148 0.109219 0.157296
0 0.932760 0.344824 0.097187 0.130093
0 0.957891 0.231167 0.086302 0.093185
0 0.854089 0.158306 0.062240 0.071796
0 0.872109 0.116531 0.050260 0.062085
0 0.489187 0.124182 0.125042 0.147228
