0 0.473193 0.205810 0.053177 0.086231
0 0.527318 0.408296 0.085573 0.151111
0 0.556979 0.174486 0.048854 0.094546
0 0.637344 0.270852 0.063958 0.117222
0 0.646068 0.156421 0.045052 0.080157
0 0.589687 0.126699 0.039167 0.064824
0 0.855156 0.180241 0.063437 0.084963
0 0.820469 0.277093 0.077813 0.109259
0 0.648307 0.107044 0.037031 0.063226
1 0.597630 0.071563 0.038802 0.074726
1 0.935339 0.266537 0.097240 0.154000
0 0.421323 0.177519 0.073500 0.069296
0 0.972917 0.518731 0.056250 0.184685
0 0.490797 0.101667 0.127156 0.159878
