0 0.448490 0.693444 0.144229 0.266593
0 0.470141 0.218167 0.053990 0.082074
0 0.664427 0.476676 0.106146 0.245759
0 0.530385 0.327602 0.075896 0.144204
0 0.646979 0.151630 0.043021 0.071407
0 0.597214 0.100371 0.031615 0.055739
0 0.734375 0.126167 0.040833 0.061944
0 0.787812 0.120373 0.043333 0.066291
0 0.840286 0.098706 0.043802 0.063700
0 0.790130 0.071482 0.037031 0.053517
0 0.972526 0.078752 0.057031 0.061015
0 0.564948 0.217005 0.052708 0.089028
1 0.579714 0.126806 0.035781 0.083981
0 0.799036 0.297917 0.083698 0.111722
0 0.487630 0.113519 0.126823 0.155926
