0 0.475714 0.199731 0.053906 0.079833
0 0.419797 0.617491 0.139844 0.290167
0 0.585917 0.788185 0.153479 0.349000
0 0.533786 0.333981 0.073677 0.127148
0 0.639688 0.433694 0.088438 0.170611
1 0.569193 0.176727 0.060365 0.136102
0 0.453776 0.174171 0.081948 0.072176
0 0.764818 0.072048 0.035052 0.057941
0 0.739115 0.109920 0.044167 0.066419
0 0.832760 0.109281 0.048854 0.066420
0 0.602292 0.131972 0.040937 0.060667
0 0.890495 0.208685 0.072240 0.095185
0 0.976615 0.203199 0.048854 0.112861
0 0.494187 0.099494 0.127937 0.150000
