0 0.437130 0.663472 0.139844 0.269981
0 0.667734 0.394370 0.078594 0.151444
0 0.531656 0.325398 0.073146 0.122315
0 0.469375 0.213681 0.053500 0.081528
0 0.643698 0.228250 0.058958 0.122315
0 0.571016 0.186481 0.049115 0.089296
0 0.639870 0.088356 0.035990 0.056250
0 0.597786 0.079612 0.028385 0.046535
0 0.791250 0.240880 0.065521 0.100944
0 0.846979 0.210759 0.063333 0.091222
0 0.892318 0.157333 0.060052 0.077630
0 0.814167 0.111673 0.050208 0.064024
0 0.919661 0.082531 0.084115 0.060143
0 0.581406 0.135958 0.039271 0.065972
1 0.569375 0.101960 0.041458 0.071802
0 0.949714 0.769361 0.102656 0.271907
0 0.486406 0.111345 0.124375 0.155531
