1 0.376151 0.535333 0.129948 0.275778
0 0.582089 0.853611 0.165198 0.296481
0 0.501016 0.188019 0.065469 0.075259
0 0.726615 0.092231 0.037292 0.062722
0 0.595677 0.174593 0.047396 0.080630
0 0.589635 0.132514 0.037292 0.060935
0 0.663177 0.236361 0.055417 0.100315
0 0.760833 0.160264 0.049375 0.073472
0 0.649583 0.116403 0.034271 0.060935
0 0.920443 0.264111 0.084635 0.102111
0 0.591641 0.100287 0.033281 0.057352
0 0.633958 0.078803 0.033229 0.060931
0 0.979375 0.391213 0.043333 0.141500
0 0.488854 0.121423 0.126604 0.155931
