0 0.473187 0.210606 0.055333 0.078565
0 0.425729 0.813083 0.163208 0.315685
0 0.540437 0.242565 0.060375 0.110500
0 0.587891 0.469500 0.103490 0.189778
0 0.644010 0.245759 0.058229 0.104111
0 0.577474 0.166495 0.045260 0.076009
0 0.799531 0.107365 0.046354 0.065141
0 0.763568 0.154671 0.051406 0.074102
0 0.650651 0.166176 0.042760 0.076648
1 0.595078 0.098733 0.044531 0.090070
1 0.836719 0.142208 0.058229 0.093917
0 0.440297 0.184394 0.077990 0.072176
0 0.862969 0.251204 0.073333 0.097111
0 0.866380 0.403028 0.110365 0.155278
0 0.492854 0.106210 0.127479 0.160272
