0 0.406807 0.853083 0.179740 0.297537
0 0.470740 0.217069 0.052958 0.084417
0 0.672370 0.604204 0.132760 0.310778
0 0.509547 0.387083 0.089031 0.169907
0 0.647240 0.172384 0.046354 0.080528
0 0.597526 0.105358 0.031094 0.055283
0 0.727005 0.108757 0.037656 0.064022
0 0.778411 0.103416 0.039844 0.059169
0 0.829219 0.085927 0.038750 0.059165
0 0.785208 0.059214 0.033854 0.048483
0 0.977031 0.078157 0.048021 0.063056
0 0.556276 0.247185 0.060052 0.099963
1 0.574844 0.134502 0.038229 0.088311
0 0.779479 0.253028 0.071563 0.098019
0 0.645885 0.085931 0.033854 0.055285
0 0.487854 0.111049 0.127708 0.150987
