0 0.471813 0.223481 0.054729 0.081630
0 0.337109 0.832796 0.200573 0.315333
0 0.656250 0.292352 0.064167 0.112667
0 0.594609 0.134880 0.035781 0.060500
0 0.712057 0.066766 0.029115 0.049228
0 0.755573 0.070711 0.032396 0.050856
0 0.797005 0.061482 0.032865 0.050043
0 0.501552 0.426593 0.093875 0.166000
1 0.560078 0.183245 0.041927 0.100324
0 0.743099 0.160648 0.050365 0.073741
0 0.651536 0.126981 0.038698 0.063981
0 0.875469 0.220565 0.067396 0.085574
0 0.840938 0.350843 0.086458 0.126907
0 0.567734 0.106252 0.035365 0.061774
0 0.624401 0.093201 0.036510 0.051931
0 0.493297 0.123395 0.128823 0.159876
