0 0.474901 0.204532 0.055885 0.083676
0 0.338620 0.828065 0.208344 0.347574
0 0.512307 0.446009 0.092573 0.167722
0 0.643281 0.623241 0.114271 0.237741
1 0.556250 0.224185 0.068646 0.158148
0 0.455302 0.179602 0.084292 0.068981
0 0.754635 0.058140 0.032500 0.050435
0 0.728594 0.086426 0.041146 0.059704
0 0.815078 0.085470 0.041510 0.058430
0 0.597240 0.166815 0.042396 0.076000
0 0.850391 0.161060 0.059635 0.080472
0 0.919453 0.136770 0.060365 0.088793
0 0.581536 0.095375 0.047969 0.065454
0 0.648203 0.078119 0.032135 0.055874
0 0.495448 0.100333 0.126625 0.149900
