0 0.475620 0.205167 0.054094 0.080481
0 0.462495 0.494593 0.115219 0.222074
0 0.612187 0.592250 0.117917 0.251167
0 0.547083 0.283806 0.063229 0.110537
0 0.724089 0.059099 0.033594 0.051713
0 0.642552 0.349000 0.071875 0.133519
1 0.576667 0.157551 0.054479 0.124602
1 0.768802 0.046948 0.035729 0.062364
0 0.453682 0.179759 0.081052 0.071852
0 0.775417 0.097933 0.039479 0.064819
0 0.750521 0.141403 0.050104 0.072491
0 0.854896 0.146519 0.057500 0.079519
0 0.606406 0.119758 0.037396 0.058131
0 0.935000 0.272926 0.087188 0.113074
0 0.492964 0.099296 0.128594 0.150789
