0 0.475260 0.205167 0.054813 0.080481
0 0.452786 0.520815 0.118802 0.243815
0 0.605703 0.636981 0.123698 0.274185
0 0.543495 0.295306 0.066135 0.115648
0 0.723021 0.053985 0.034271 0.051715
0 0.641120 0.368185 0.074740 0.138667
1 0.574870 0.162653 0.056615 0.124583
1 0.766667 0.041846 0.033646 0.059581
0 0.454042 0.177843 0.081771 0.068019
0 0.772526 0.090904 0.038073 0.063544
0 0.747266 0.131815 0.047969 0.071204
0 0.848411 0.134370 0.054635 0.075685
0 0.605833 0.122113 0.035937 0.060663
0 0.920964 0.252472 0.082135 0.105389
0 0.493375 0.098770 0.128750 0.150000
