0 0.699141 0.057120 0.019323 0.034907
0 0.711875 0.065384 0.026562 0.036409
0 0.423021 0.234861 0.087417 0.077870
0 0.737266 0.073347 0.023177 0.040317
0 0.759297 0.051668 0.021510 0.025635
0 0.739557 0.041682 0.020573 0.025109
0 0.772656 0.031126 0.021979 0.029799
0 0.775859 0.074096 0.026406 0.053233
0 0.763203 0.097990 0.030781 0.048131
0 0.755417 0.083427 0.020000 0.030702
0 0.599583 0.268667 0.049375 0.100407
0 0.551224 0.138255 0.030469 0.052935
0 0.670078 0.218042 0.048698 0.080287
0 0.737344 0.120528 0.034167 0.053537
0 0.794453 0.123833 0.033490 0.045722
0 0.637422 0.137505 0.037552 0.064065
0 0.812734 0.154338 0.044635 0.069472
1 0.757292 0.165296 0.048021 0.079370
0 0.623333 0.075600 0.025521 0.040615
0 0.939141 0.290463 0.088594 0.119333
0 0.545854 0.039382 0.032604 0.075061
