0 0.784870 0.052572 0.035469 0.048441
0 0.766094 0.088787 0.035312 0.046667
0 0.571771 0.214551 0.051979 0.089083
0 0.601953 0.146380 0.041302 0.064074
0 0.687370 0.215968 0.059115 0.091917
0 0.798516 0.133134 0.045885 0.066787
0 0.540156 0.139505 0.036979 0.062417
1 0.595260 0.104275 0.032292 0.061783
0 0.656250 0.122878 0.041979 0.062300
0 0.869349 0.188468 0.058698 0.085546
0 0.534240 0.095158 0.030062 0.044591
0 0.624479 0.082852 0.035729 0.055630
0 0.551406 0.069825 0.029479 0.050628
1 0.636875 0.058984 0.025729 0.052294
0 0.458302 0.597861 0.213042 0.674241
