0 0.699531 0.022387 0.018854 0.041070
0 0.169604 0.477852 0.117854 0.158593
0 0.727604 0.033510 0.025208 0.023854
0 0.722109 0.015158 0.020573 0.026613
0 0.316635 0.315991 0.064375 0.106537
0 0.726901 0.060647 0.025677 0.041665
0 0.766146 0.044198 0.025000 0.025111
0 0.761901 0.073744 0.025469 0.040198
1 0.679974 0.042626 0.022344 0.043341
0 0.792708 0.058970 0.031667 0.044600
0 0.660937 0.157245 0.043229 0.071843
0 0.604661 0.111145 0.031823 0.055913
0 0.769635 0.102661 0.040417 0.054030
0 0.818281 0.116178 0.047708 0.048793
0 0.823307 0.143315 0.050469 0.056963
0 0.880365 0.117853 0.068333 0.065554
0 0.587995 0.035815 0.021302 0.035169
0 0.616979 0.018825 0.020833 0.033946
0 0.544948 0.032567 0.019167 0.030769
0 0.532745 0.157077 0.080594 0.179439
