0 0.699479 0.022178 0.018958 0.040652
0 0.170370 0.476380 0.117260 0.158167
0 0.727656 0.034033 0.025313 0.024481
0 0.722370 0.014634 0.020365 0.025565
0 0.317104 0.315528 0.064292 0.105944
0 0.726953 0.061275 0.026302 0.041246
0 0.766536 0.044093 0.024844 0.024481
0 0.761953 0.074267 0.026510 0.039570
1 0.679792 0.043463 0.022500 0.043341
0 0.793203 0.059180 0.031927 0.044600
0 0.660104 0.155157 0.043021 0.071426
0 0.604115 0.109469 0.031458 0.054656
0 0.769974 0.102557 0.040156 0.053404
0 0.818880 0.116386 0.048385 0.049209
0 0.823958 0.144255 0.051042 0.058009
0 0.880755 0.117852 0.068490 0.066389
0 0.587760 0.035501 0.021771 0.035798
0 0.616719 0.018825 0.020833 0.033946
0 0.544844 0.032149 0.018958 0.030769
0 0.533302 0.155395 0.080375 0.178839
