0 0.678151 0.594500 0.117240 0.225667
0 0.745391 0.037901 0.030469 0.042279
0 0.620182 0.345287 0.077344 0.127574
0 0.859635 0.838074 0.159688 0.271074
0 0.785182 0.037655 0.030156 0.041786
0 0.769375 0.062552 0.034063 0.044248
1 0.623516 0.215630 0.047344 0.109815
0 0.794063 0.081038 0.037396 0.052628
0 0.618646 0.142417 0.042083 0.059037
0 0.849089 0.084246 0.044844 0.055100
0 0.744427 0.101006 0.043438 0.059043
0 0.537526 0.077834 0.030156 0.054109
1 0.596901 0.075124 0.033490 0.070381
0 0.671484 0.116041 0.040156 0.067419
1 0.880859 0.156227 0.067344 0.102435
0 0.509104 0.203065 0.064812 0.071870
0 0.572760 0.052692 0.025208 0.047209
0 0.970547 0.269722 0.060990 0.105370
0 0.462521 0.462556 0.169937 0.455778
