0 0.749740 0.016141 0.021250 0.028578
0 0.680208 0.022416 0.021875 0.041128
0 0.693542 0.014017 0.016563 0.024330
0 0.700599 0.038579 0.022865 0.040083
0 0.735781 0.053930 0.026146 0.039504
0 0.719479 0.070729 0.028750 0.049931
0 0.575625 0.110696 0.031042 0.053404
0 0.625312 0.084631 0.030729 0.048774
2 0.580990 0.067544 0.036563 0.067894
0 0.861068 0.123441 0.063594 0.064989
0 0.792318 0.142269 0.049948 0.080630
0 0.889740 0.239287 0.063646 0.091648
0 0.359109 0.221917 0.084781 0.073093
0 0.573516 0.033075 0.020885 0.032553
0 0.963203 0.420315 0.075677 0.148963
0 0.283297 0.879935 0.446594 0.219130
