0 0.659271 0.480259 0.102500 0.170963
0 0.618802 0.229463 0.053854 0.094296
0 0.866536 0.656389 0.161094 0.253926
0 0.753281 0.066389 0.033333 0.056407
0 0.553490 0.204912 0.047917 0.078509
1 0.609453 0.155681 0.040260 0.078231
0 0.717995 0.249991 0.068385 0.100907
0 0.809714 0.084761 0.035156 0.058700
0 0.539047 0.144769 0.041594 0.065019
0 0.683333 0.165153 0.053021 0.089139
0 0.582240 0.110890 0.039792 0.067887
1 0.658385 0.101272 0.035104 0.075641
0 0.833932 0.141611 0.052865 0.071333
0 0.622214 0.078303 0.029323 0.054394
0 0.917344 0.146347 0.058542 0.071620
0 0.925911 0.247694 0.080156 0.094019
0 0.637396 0.056338 0.025104 0.040324
0 0.458578 0.587593 0.214927 0.681370
