0 0.746781 0.018844 0.022833 0.033983
0 0.679167 0.029541 0.021375 0.036143
0 0.691479 0.016102 0.017688 0.028500
0 0.702161 0.043907 0.023906 0.041474
0 0.737344 0.060880 0.025104 0.042285
0 0.722875 0.076520 0.029792 0.048541
0 0.574583 0.105600 0.032625 0.051552
0 0.621938 0.079534 0.029646 0.048776
2 0.580344 0.068469 0.034188 0.060474
0 0.869547 0.128769 0.068552 0.063606
0 0.805339 0.155475 0.053573 0.079235
0 0.913844 0.268028 0.070104 0.092574
0 0.329260 0.222843 0.078792 0.071241
0 0.572870 0.030526 0.021177 0.031162
0 0.289519 0.820528 0.450149 0.362648
