0 0.683177 0.539259 0.112500 0.210296
0 0.620677 0.385935 0.090208 0.144833
1 0.635703 0.261917 0.069844 0.151722
0 0.573203 0.232630 0.057240 0.089704
0 0.921589 0.787630 0.158906 0.391407
0 0.618255 0.168023 0.050469 0.077657
1 0.744714 0.263639 0.072760 0.148278
0 0.695781 0.171468 0.052396 0.091435
0 0.814453 0.046576 0.037865 0.051807
0 0.776198 0.066387 0.038854 0.053533
0 0.678333 0.129264 0.044687 0.065583
0 0.601771 0.087058 0.036875 0.060420
0 0.850339 0.129264 0.053385 0.065583
0 0.872604 0.217111 0.074688 0.110370
0 0.928828 0.179222 0.053385 0.089704
0 0.646849 0.047437 0.028177 0.050085
1 0.575625 0.043131 0.027187 0.051808
0 0.458411 0.596287 0.224823 0.716907
