0 0.603490 0.335620 0.062292 0.111611
0 0.168964 0.520435 0.118823 0.183574
0 0.707500 0.055807 0.022292 0.030641
0 0.736589 0.080999 0.027865 0.045039
0 0.778333 0.073351 0.022292 0.020746
0 0.591120 0.152523 0.034427 0.060324
0 0.707760 0.097641 0.031875 0.051330
0 0.778854 0.100790 0.032396 0.032439
0 0.782891 0.145324 0.042552 0.060333
0 0.619948 0.070651 0.022292 0.038739
0 0.575677 0.045910 0.018750 0.032443
0 0.567578 0.064354 0.020781 0.036937
0 0.916771 0.279380 0.078437 0.092722
0 0.943854 0.392741 0.093125 0.143111
