1 0.701042 0.802602 0.144375 0.333870
0 0.663776 0.404917 0.079948 0.145796
0 0.523130 0.139880 0.037385 0.068574
1 0.607370 0.194782 0.052760 0.115324
0 0.924505 0.764593 0.153073 0.286815
1 0.770182 0.062654 0.035052 0.057015
0 0.565547 0.330324 0.067240 0.119537
0 0.590052 0.145394 0.037083 0.075398
0 0.807109 0.103369 0.043906 0.056485
0 0.696458 0.174292 0.057187 0.088009
0 0.554297 0.081830 0.031198 0.052285
0 0.902396 0.196361 0.064271 0.093278
0 0.609141 0.058189 0.032656 0.051233
0 0.457078 0.481907 0.176823 0.479481
