1 0.353438 0.261157 0.121333 0.096241
0 0.608828 0.504269 0.081406 0.148056
1 0.587917 0.274111 0.042396 0.112111
0 0.677214 0.274111 0.053698 0.082074
0 0.851302 0.269926 0.056979 0.073704
0 0.804818 0.166759 0.039115 0.049481
0 0.801510 0.193912 0.051354 0.055324
0 0.757786 0.175116 0.039115 0.047806
0 0.759922 0.137935 0.032969 0.045296
0 0.732422 0.150884 0.034427 0.042787
1 0.712214 0.124986 0.028802 0.051139
0 0.696484 0.118301 0.026406 0.041120
0 0.866354 0.313796 0.067292 0.087889
0 0.632812 0.190148 0.035312 0.054481
0 0.572187 0.170931 0.031563 0.051139
0 0.604141 0.135847 0.027865 0.042787
0 0.537630 0.130000 0.023594 0.039444
0 0.903969 0.205469 0.117042 0.160469
