0 0.687396 0.028272 0.016979 0.020082
0 0.698359 0.044617 0.020469 0.035170
0 0.185812 0.456370 0.109958 0.139519
0 0.706667 0.015996 0.018750 0.028289
0 0.727187 0.051217 0.025104 0.019456
0 0.724714 0.033615 0.019427 0.019452
0 0.327604 0.299685 0.065208 0.096333
0 0.725755 0.080447 0.030052 0.038939
0 0.768385 0.063160 0.025417 0.030769
0 0.759010 0.094277 0.029375 0.045224
1 0.678203 0.065675 0.026823 0.048372
0 0.797370 0.081394 0.036719 0.044602
0 0.643203 0.133880 0.038906 0.057796
0 0.596172 0.100879 0.026823 0.048372
0 0.776146 0.126023 0.039583 0.050880
0 0.835911 0.134824 0.050885 0.034537
0 0.837500 0.173491 0.054792 0.067870
0 0.889323 0.135454 0.067187 0.065981
0 0.583255 0.043674 0.020156 0.034541
0 0.610859 0.032043 0.020156 0.033911
0 0.542786 0.038958 0.018385 0.032657
0 0.537969 0.146012 0.069042 0.160865
