0 0.687214 0.026071 0.016615 0.016939
0 0.698542 0.043674 0.019479 0.037056
0 0.182276 0.461093 0.111365 0.142667
0 0.705964 0.015682 0.020156 0.027661
0 0.727187 0.049331 0.024375 0.020709
0 0.723646 0.029215 0.018750 0.018196
0 0.325521 0.304139 0.064375 0.097315
0 0.725755 0.078875 0.030052 0.039565
0 0.767500 0.060645 0.024375 0.028254
0 0.758307 0.092076 0.028594 0.038311
1 0.678047 0.061904 0.026510 0.045856
0 0.796849 0.078247 0.036406 0.045857
0 0.645130 0.136713 0.039948 0.057167
0 0.596719 0.101508 0.027917 0.049631
0 0.775260 0.122250 0.038542 0.050889
0 0.832552 0.126028 0.048438 0.025741
0 0.834688 0.168773 0.054062 0.063454
0 0.887734 0.133569 0.066823 0.065972
0 0.583281 0.042416 0.020833 0.034539
0 0.611563 0.031100 0.020833 0.034541
0 0.542943 0.040530 0.019427 0.033281
0 0.537635 0.149864 0.070375 0.163828
