0 0.581745 0.149523 0.029844 0.053731
0 0.600286 0.280426 0.053490 0.095407
0 0.338104 0.299704 0.083375 0.098815
0 0.704635 0.084445 0.021979 0.040535
0 0.730625 0.102439 0.030729 0.047733
0 0.739062 0.070051 0.023646 0.035739
0 0.763516 0.128384 0.036094 0.047435
0 0.800703 0.156870 0.044427 0.060037
0 0.566458 0.079800 0.023646 0.037844
0 0.774401 0.214148 0.057240 0.070815
0 0.847266 0.198861 0.055573 0.076241
0 0.935573 0.321667 0.083021 0.110704
0 0.601823 0.052807 0.017396 0.028244
0 0.584870 0.039913 0.016198 0.030641
0 0.558021 0.044261 0.015208 0.024344
