0 0.696458 0.059856 0.022500 0.037541
0 0.746484 0.057306 0.019948 0.024644
0 0.713177 0.076201 0.027187 0.042043
0 0.684714 0.235889 0.049948 0.084333
0 0.565964 0.125384 0.030365 0.057028
0 0.575755 0.261546 0.048281 0.090019
0 0.744609 0.091044 0.030052 0.045337
0 0.764531 0.116237 0.034792 0.059137
0 0.790573 0.097044 0.029896 0.050135
0 0.880964 0.086188 0.017135 0.041254
0 0.813854 0.142773 0.045729 0.078028
0 0.843151 0.257343 0.072240 0.111019
0 0.873854 0.209204 0.057396 0.084333
0 0.567422 0.086245 0.025156 0.030343
0 0.565964 0.048909 0.019948 0.033641
0 0.599974 0.041262 0.018385 0.033939
