0 0.603333 0.327222 0.061250 0.112815
0 0.175745 0.508583 0.115490 0.175685
0 0.708516 0.055806 0.022969 0.031843
0 0.738125 0.079796 0.026875 0.043833
0 0.779687 0.073651 0.023646 0.023743
0 0.590781 0.148023 0.033750 0.058528
0 0.708932 0.097942 0.032240 0.051931
0 0.779870 0.101392 0.032448 0.033643
0 0.785286 0.145625 0.042552 0.060935
0 0.620313 0.069153 0.023646 0.039339
0 0.576510 0.044710 0.018437 0.033643
0 0.568073 0.061655 0.021146 0.035143
0 0.922995 0.285083 0.080156 0.093315
0 0.946536 0.403222 0.087031 0.143704
