0 0.557370 0.339065 0.055990 0.102315
0 0.568333 0.072152 0.019271 0.034541
0 0.574323 0.124333 0.028854 0.051333
1 0.662969 0.214005 0.060417 0.127509
0 0.552240 0.233954 0.056875 0.081019
0 0.698333 0.365454 0.073750 0.118500
0 0.741172 0.150722 0.039323 0.058537
0 0.805599 0.181014 0.049844 0.071120
0 0.749349 0.120431 0.031719 0.045935
0 0.783568 0.112789 0.035469 0.055237
0 0.722109 0.095241 0.028177 0.048333
0 0.686927 0.069902 0.024687 0.039641
0 0.707578 0.055356 0.019115 0.030943
0 0.888099 0.274287 0.067656 0.090907
