0 0.679323 0.945704 0.159583 0.112296
0 0.740937 0.038325 0.031875 0.041923
0 0.867552 0.599315 0.145313 0.228926
0 0.641016 0.316148 0.072448 0.119407
0 0.767240 0.057024 0.033333 0.047263
0 0.604948 0.214639 0.049896 0.090019
0 0.758229 0.338185 0.075417 0.126074
0 0.701146 0.032982 0.025833 0.039251
0 0.827708 0.068378 0.035625 0.048600
0 0.802188 0.096426 0.040104 0.053944
1 0.609089 0.141171 0.037135 0.071306
0 0.836719 0.125810 0.043125 0.061954
0 0.604948 0.089745 0.030313 0.040583
0 0.915625 0.151861 0.056667 0.071315
0 0.830339 0.203944 0.063385 0.087333
0 0.543333 0.053685 0.025833 0.045930
1 0.591042 0.046338 0.029583 0.057949
0 0.643281 0.051681 0.030313 0.047263
1 0.971562 0.259037 0.058958 0.133000
0 0.463333 0.186583 0.089687 0.073981
0 0.483854 0.353519 0.136604 0.351481
