0 0.700182 0.021759 0.018490 0.039815
0 0.166833 0.481620 0.119604 0.159426
0 0.727422 0.031939 0.024844 0.021967
0 0.721536 0.015892 0.020156 0.028080
0 0.314302 0.321176 0.066042 0.106241
0 0.726953 0.059598 0.026302 0.042085
0 0.765729 0.043464 0.024583 0.026580
0 0.762422 0.072171 0.024115 0.037054
1 0.680026 0.040949 0.022031 0.043343
0 0.792240 0.057503 0.030521 0.044598
0 0.663776 0.163111 0.044219 0.072259
0 0.605885 0.114918 0.032188 0.056331
0 0.769141 0.101299 0.039427 0.053402
0 0.816068 0.114711 0.045573 0.048374
0 0.821484 0.141532 0.050781 0.056750
0 0.879583 0.117433 0.068021 0.066393
0 0.588932 0.035920 0.021302 0.034960
0 0.618255 0.019454 0.021094 0.035204
0 0.545547 0.033405 0.019948 0.032445
0 0.531078 0.162114 0.081260 0.181217
