0 0.699427 0.026700 0.019062 0.030769
0 0.171135 0.474917 0.116667 0.157759
0 0.727708 0.034558 0.025417 0.025113
0 0.722578 0.014110 0.020156 0.024517
0 0.317573 0.315074 0.064208 0.105333
0 0.727005 0.061903 0.026823 0.040828
0 0.766953 0.043988 0.024740 0.023854
0 0.762005 0.074790 0.027552 0.038943
1 0.679635 0.044301 0.022604 0.043343
0 0.793672 0.059389 0.032135 0.044596
0 0.659297 0.153056 0.042760 0.071000
0 0.603620 0.107793 0.031094 0.053396
0 0.770339 0.102449 0.039948 0.052769
0 0.819479 0.116594 0.049167 0.049626
0 0.824609 0.145194 0.051615 0.059056
0 0.881172 0.117850 0.068594 0.067226
0 0.587500 0.035187 0.022292 0.036427
0 0.616510 0.018825 0.020833 0.033946
0 0.544714 0.031730 0.018698 0.030770
0 0.533854 0.153713 0.080146 0.178241
