0 0.720807 0.899269 0.154427 0.205167
0 0.492333 0.171931 0.060021 0.085398
1 0.621745 0.296046 0.075052 0.163389
0 0.649896 0.516296 0.103021 0.176778
0 0.598490 0.225509 0.048021 0.088537
0 0.801927 0.061209 0.030313 0.048344
0 0.787318 0.376028 0.106510 0.173648
0 0.552161 0.123070 0.033385 0.064896
0 0.826094 0.119916 0.044896 0.064891
0 0.633724 0.119919 0.044010 0.071200
0 0.562812 0.077758 0.027187 0.040465
0 0.602474 0.058057 0.025885 0.045193
0 0.640365 0.056087 0.028958 0.047556
0 0.459630 0.484185 0.180156 0.488778
