0 0.589766 0.498454 0.070573 0.157796
0 0.573307 0.094344 0.025156 0.044737
0 0.579479 0.167819 0.037500 0.062731
1 0.761823 0.441176 0.119479 0.272944
0 0.460792 0.262741 0.109167 0.084037
0 0.716615 0.107538 0.033125 0.054331
0 0.759870 0.133778 0.036615 0.051037
0 0.715677 0.079349 0.025833 0.020146
0 0.758281 0.085647 0.029375 0.043539
0 0.711458 0.064054 0.023125 0.032141
0 0.680443 0.058356 0.022135 0.032741
0 0.812005 0.176218 0.046719 0.063343
0 0.882188 0.231241 0.062604 0.079222
0 0.560234 0.048609 0.017552 0.032441
0 0.948984 0.424083 0.104115 0.130204
0 0.970677 0.321667 0.040833 0.081926
