0 0.626615 0.340944 0.077813 0.134963
0 0.891172 0.647824 0.150781 0.244130
1 0.611563 0.219528 0.047083 0.113796
0 0.786693 0.041305 0.032656 0.044735
0 0.683464 0.200037 0.060573 0.089296
0 0.736432 0.046596 0.029844 0.040837
0 0.611406 0.128745 0.037396 0.062565
0 0.836042 0.071381 0.042396 0.051422
0 0.793125 0.087810 0.040521 0.049750
0 0.805208 0.116769 0.045833 0.061998
0 0.807057 0.183606 0.055885 0.078713
0 0.507729 0.223986 0.065583 0.083731
0 0.902630 0.202542 0.070885 0.087620
0 0.643229 0.064418 0.028958 0.048635
0 0.593568 0.044647 0.026094 0.042509
0 0.974948 0.263324 0.052188 0.110648
0 0.545411 0.054790 0.045490 0.105876
