0 0.668411 0.516000 0.107135 0.187889
0 0.619948 0.238657 0.054792 0.094870
0 0.888359 0.729204 0.170052 0.295370
0 0.750521 0.065956 0.033021 0.050948
0 0.554792 0.210236 0.048542 0.079380
1 0.609297 0.161560 0.042240 0.078509
0 0.723880 0.266222 0.070781 0.108667
0 0.807682 0.082752 0.034948 0.055256
0 0.539995 0.149505 0.042198 0.066454
0 0.687552 0.175347 0.055313 0.092306
0 0.584323 0.115482 0.039792 0.069035
1 0.661120 0.106008 0.035469 0.075928
0 0.828047 0.136157 0.051406 0.070759
0 0.624531 0.083183 0.030104 0.054393
0 0.911354 0.142616 0.055313 0.069898
0 0.914531 0.236500 0.076146 0.088852
0 0.639089 0.060788 0.025260 0.038887
0 0.458354 0.592333 0.214479 0.690852
