0 0.750521 0.062368 0.032083 0.044343
0 0.592917 0.266787 0.061771 0.101759
0 0.607266 0.167157 0.044635 0.072463
0 0.722240 0.293204 0.078229 0.116704
0 0.777005 0.100843 0.041094 0.061574
0 0.542995 0.152523 0.037552 0.069620
1 0.598854 0.109742 0.036250 0.064443
0 0.674297 0.148787 0.047552 0.072481
0 0.837578 0.139315 0.044635 0.071907
0 0.530719 0.108306 0.033667 0.054683
0 0.645052 0.099119 0.039479 0.065020
0 0.558516 0.074714 0.034323 0.058702
1 0.642474 0.062368 0.028490 0.048939
0 0.932370 0.243824 0.079844 0.101759
0 0.456964 0.587000 0.215260 0.674630
