0 0.697578 0.052958 0.020469 0.030383
0 0.709583 0.061593 0.024479 0.035663
0 0.358156 0.264537 0.083646 0.088444
0 0.734193 0.065674 0.025156 0.031837
0 0.743229 0.044721 0.020625 0.021550
0 0.724453 0.032568 0.016615 0.024065
0 0.759974 0.020711 0.022969 0.037719
0 0.766380 0.052965 0.025052 0.028722
0 0.754010 0.092045 0.028229 0.053650
0 0.768568 0.076707 0.022135 0.041530
0 0.607318 0.413685 0.073906 0.141630
0 0.534422 0.173394 0.039281 0.061917
0 0.740729 0.389944 0.081667 0.133222
0 0.733255 0.092229 0.029115 0.021876
0 0.794687 0.100260 0.027083 0.030980
0 0.670443 0.216301 0.050677 0.081102
0 0.789401 0.133287 0.040469 0.057000
1 0.734036 0.133292 0.040469 0.067306
0 0.631589 0.117277 0.033073 0.055687
0 0.863516 0.197681 0.056823 0.086009
0 0.577630 0.030358 0.016823 0.029306
0 0.597839 0.017920 0.015365 0.032137
0 0.969245 0.346065 0.063594 0.111796
0 0.544130 0.047943 0.033823 0.092181
