0 0.657422 0.704722 0.119219 0.220000
1 0.461839 0.241787 0.100885 0.092093
0 0.588620 0.260565 0.043073 0.072167
1 0.580990 0.183824 0.030313 0.074056
0 0.624818 0.164870 0.033802 0.050704
0 0.905964 0.332213 0.072865 0.085907
0 0.840313 0.200954 0.039062 0.059685
0 0.775599 0.204343 0.037135 0.058278
0 0.770469 0.185588 0.041771 0.051231
0 0.780443 0.161245 0.035052 0.045676
0 0.736250 0.157769 0.035104 0.044278
0 0.736302 0.115056 0.028750 0.046183
1 0.719219 0.134120 0.031563 0.054019
0 0.703385 0.127167 0.028021 0.044278
0 0.681458 0.109776 0.026458 0.035930
0 0.712187 0.103518 0.026875 0.033150
0 0.917396 0.408991 0.087292 0.117426
0 0.606667 0.134755 0.027708 0.041139
0 0.561510 0.121843 0.024063 0.039056
0 0.961297 0.265618 0.079490 0.206098
