0 0.697396 0.062105 0.022292 0.034243
0 0.752057 0.068403 0.024323 0.032443
0 0.719167 0.080097 0.029375 0.041435
0 0.659427 0.183565 0.043542 0.068426
0 0.568828 0.106188 0.028385 0.043235
0 0.570859 0.186269 0.038490 0.073833
0 0.754062 0.106189 0.034479 0.050437
0 0.777344 0.139481 0.042500 0.066630
0 0.812760 0.118785 0.036458 0.057633
0 0.904870 0.107090 0.034427 0.048635
0 0.837552 0.178171 0.057708 0.086435
0 0.894740 0.343704 0.097187 0.129630
0 0.946875 0.279824 0.075938 0.099019
0 0.567318 0.071102 0.025365 0.027044
0 0.567813 0.037813 0.018229 0.028841
0 0.594141 0.032414 0.016198 0.028842
