0 0.654635 0.709306 0.128229 0.267056
0 0.749479 0.045714 0.033125 0.040576
0 0.803490 0.440389 0.108646 0.166519
0 0.633203 0.254787 0.061094 0.104315
0 0.778073 0.064487 0.035833 0.046833
0 0.604141 0.173625 0.045260 0.075787
0 0.726927 0.250676 0.061979 0.103167
0 0.707005 0.046298 0.028802 0.044096
0 0.847604 0.079156 0.040625 0.051133
0 0.823411 0.114555 0.047656 0.060131
1 0.602943 0.110251 0.032760 0.062480
0 0.865651 0.152500 0.050365 0.068741
0 0.600625 0.071529 0.025937 0.040576
0 0.944974 0.190440 0.060260 0.082824
0 0.884557 0.277472 0.080260 0.111389
0 0.544531 0.040041 0.024167 0.040967
1 0.588958 0.032556 0.026771 0.061409
0 0.634401 0.032805 0.024844 0.042142
0 0.496635 0.298206 0.117708 0.292217
