0 0.696042 0.060606 0.019583 0.037241
0 0.709844 0.069002 0.022292 0.033641
0 0.822734 0.571926 0.121823 0.199778
0 0.553672 0.173069 0.043906 0.064231
0 0.630573 0.833111 0.141042 0.254333
0 0.735521 0.079200 0.027708 0.040841
0 0.761146 0.079797 0.023646 0.031239
0 0.764922 0.065447 0.019219 0.028194
0 0.822474 0.050992 0.024427 0.033672
0 0.786302 0.097492 0.032083 0.049831
0 0.789661 0.156579 0.045573 0.068435
0 0.766042 0.121481 0.036771 0.051037
0 0.580130 0.139176 0.035469 0.057630
0 0.565625 0.075898 0.022604 0.039037
0 0.613880 0.081000 0.024635 0.043241
0 0.799271 0.238139 0.062083 0.091204
0 0.881745 0.218356 0.061094 0.080435
0 0.590755 0.053106 0.021615 0.039039
0 0.960208 0.291231 0.081667 0.102611
1 0.968464 0.465463 0.065156 0.169185
