0 0.698385 0.048790 0.019792 0.029806
0 0.709297 0.059063 0.025156 0.029189
0 0.258010 0.374926 0.090292 0.113741
0 0.733672 0.028022 0.020990 0.028964
0 0.732083 0.038319 0.023125 0.029337
0 0.742448 0.082104 0.028021 0.045959
0 0.757891 0.059570 0.022656 0.036689
0 0.396104 0.254833 0.078521 0.076963
0 0.734505 0.094246 0.027656 0.043396
0 0.786198 0.085776 0.026771 0.041800
0 0.770677 0.112783 0.034479 0.054267
1 0.697578 0.097125 0.033906 0.055546
0 0.717187 0.377880 0.077083 0.126796
0 0.825573 0.114382 0.039375 0.058106
0 0.613802 0.083063 0.026354 0.041485
0 0.595208 0.061648 0.020104 0.034452
0 0.818464 0.170954 0.047448 0.061944
0 0.901615 0.192046 0.056979 0.066426
0 0.932734 0.255000 0.074219 0.084926
0 0.946823 0.150014 0.075833 0.063528
0 0.585130 0.036081 0.017552 0.029335
0 0.607318 0.019035 0.017552 0.034367
0 0.553297 0.101667 0.048823 0.112470
