0 0.698125 0.050631 0.019583 0.030915
0 0.708854 0.061112 0.024375 0.028720
0 0.260802 0.371907 0.089438 0.112481
0 0.733177 0.028376 0.020833 0.029093
0 0.732083 0.039756 0.023125 0.029017
0 0.742240 0.084181 0.028021 0.046917
0 0.758594 0.062128 0.022604 0.036048
0 0.399609 0.254213 0.078344 0.076315
0 0.733958 0.096484 0.027292 0.044680
0 0.786380 0.088175 0.027135 0.041483
0 0.770677 0.115337 0.034479 0.054900
1 0.697839 0.099358 0.033385 0.055543
0 0.712786 0.364130 0.075469 0.122333
0 0.826016 0.117098 0.039844 0.061619
0 0.612292 0.082744 0.025833 0.040846
0 0.594505 0.061968 0.019740 0.034450
0 0.819922 0.175588 0.048490 0.065454
0 0.904479 0.196204 0.057292 0.065778
0 0.937318 0.263639 0.076198 0.087500
0 0.948802 0.152412 0.076146 0.063861
0 0.584583 0.036719 0.016875 0.028057
0 0.606250 0.019872 0.017813 0.036041
0 0.553078 0.100877 0.049260 0.111680
