0 0.840339 0.754731 0.153177 0.251611
0 0.630391 0.532574 0.085469 0.158556
1 0.472401 0.249194 0.096781 0.095500
0 0.586562 0.240796 0.039375 0.070296
1 0.576927 0.177444 0.028229 0.064889
0 0.617109 0.159583 0.030260 0.051981
0 0.926068 0.365972 0.082448 0.094315
0 0.843073 0.218120 0.038021 0.058574
0 0.773568 0.216472 0.038490 0.058870
0 0.771016 0.195963 0.041406 0.052556
0 0.776224 0.174546 0.042344 0.049981
0 0.736823 0.168273 0.035312 0.045602
0 0.740339 0.133741 0.030885 0.051130
1 0.719036 0.144662 0.031198 0.056065
0 0.704010 0.137667 0.028438 0.046704
0 0.683568 0.122528 0.026198 0.036852
0 0.715755 0.116264 0.027760 0.037324
0 0.936849 0.451213 0.099010 0.126130
0 0.599063 0.135565 0.024167 0.039370
0 0.975797 0.277169 0.050490 0.190883
