0 0.722526 0.795657 0.161510 0.296833
1 0.670885 0.421713 0.093229 0.222352
0 0.602187 0.329833 0.069583 0.126222
0 0.628255 0.238157 0.065573 0.125167
1 0.919089 0.665519 0.163906 0.360074
0 0.775234 0.336750 0.084740 0.154759
0 0.729583 0.239565 0.071146 0.099019
0 0.609010 0.143782 0.045521 0.075065
0 0.780339 0.068197 0.035885 0.046557
0 0.802917 0.106960 0.047083 0.070524
0 0.864245 0.092923 0.043802 0.057135
0 0.676719 0.109663 0.041042 0.065563
1 0.585547 0.084933 0.031198 0.066207
0 0.892708 0.149722 0.057813 0.075704
0 0.608698 0.069061 0.031042 0.050011
0 0.895807 0.278759 0.083177 0.108741
0 0.600365 0.026580 0.024375 0.049456
0 0.416521 0.656380 0.306813 0.690944
