0 0.585365 0.454361 0.068854 0.143389
0 0.572891 0.090595 0.021615 0.039643
0 0.579479 0.158977 0.034792 0.060046
1 0.733490 0.372194 0.102604 0.223759
0 0.481958 0.259741 0.106292 0.086407
0 0.757760 0.882398 0.159271 0.238907
0 0.721849 0.117285 0.034115 0.054633
0 0.767734 0.139181 0.038802 0.056435
0 0.723359 0.090894 0.027031 0.036637
0 0.764036 0.090894 0.030052 0.042637
0 0.715286 0.073200 0.024323 0.040837
0 0.682370 0.060905 0.021302 0.031843
0 0.706146 0.048310 0.017604 0.030643
0 0.824427 0.191963 0.048958 0.066037
0 0.903516 0.251944 0.068177 0.086407
0 0.561250 0.047410 0.018542 0.032443
0 0.970313 0.485556 0.061458 0.130222
