0 0.755365 0.072131 0.033958 0.045498
0 0.584505 0.247269 0.057865 0.094870
0 0.605339 0.161421 0.043385 0.072491
0 0.709661 0.263926 0.071094 0.106370
0 0.784427 0.111177 0.043021 0.061572
0 0.542656 0.149648 0.036875 0.068463
1 0.597266 0.108593 0.036927 0.064444
0 0.667839 0.139028 0.046302 0.066741
0 0.845651 0.155384 0.050469 0.074194
0 0.531354 0.106584 0.033646 0.051239
0 0.637969 0.095095 0.039479 0.061569
0 0.554948 0.073566 0.032396 0.056406
1 0.639896 0.059496 0.028542 0.045493
0 0.958307 0.276546 0.085469 0.108981
0 0.457297 0.590361 0.211490 0.664759
