1 0.706354 0.623324 0.130729 0.320981
0 0.628802 0.436185 0.090313 0.153889
0 0.637734 0.300009 0.074323 0.138870
0 0.867526 0.548120 0.131719 0.244130
0 0.766510 0.345963 0.089375 0.130519
0 0.610938 0.180537 0.045208 0.080370
0 0.756641 0.056065 0.032031 0.041952
0 0.786250 0.086141 0.036771 0.058663
0 0.831823 0.076951 0.037708 0.046969
0 0.695990 0.165509 0.046146 0.077056
1 0.589349 0.116214 0.032031 0.075369
0 0.856250 0.122064 0.048958 0.067020
0 0.617526 0.102849 0.032031 0.055320
0 0.827578 0.183880 0.055573 0.083722
0 0.602500 0.061077 0.028333 0.045294
0 0.972969 0.206319 0.056146 0.086213
0 0.388297 0.715250 0.356594 0.573204
