0 0.922005 0.771583 0.158073 0.295241
0 0.649922 0.381139 0.078698 0.143426
0 0.759661 0.056368 0.032865 0.048302
0 0.606406 0.250250 0.059583 0.094944
0 0.783021 0.431009 0.091979 0.159463
0 0.813698 0.063777 0.035417 0.045535
0 0.790260 0.090411 0.038229 0.051159
1 0.613906 0.166796 0.040937 0.083778
0 0.820521 0.114725 0.040313 0.053735
0 0.608099 0.108542 0.033906 0.042769
0 0.896172 0.134444 0.050469 0.063130
0 0.798620 0.168551 0.054323 0.074602
0 0.541615 0.068715 0.027500 0.047904
1 0.592552 0.060907 0.031250 0.058970
0 0.650026 0.076371 0.031823 0.052943
1 0.955703 0.226824 0.090677 0.121685
0 0.482984 0.190815 0.081427 0.064630
0 0.478406 0.398750 0.144375 0.389019
