0 0.692318 0.068852 0.020260 0.036941
0 0.705990 0.080098 0.027396 0.039637
0 0.729010 0.354056 0.070417 0.117926
0 0.558698 0.158824 0.033438 0.058537
0 0.587552 0.433676 0.075938 0.142204
0 0.732031 0.088647 0.025833 0.038743
0 0.754323 0.105288 0.028854 0.046831
0 0.772031 0.084596 0.021771 0.030641
0 0.850391 0.067778 0.020990 0.037289
0 0.790990 0.120133 0.040521 0.056733
0 0.803672 0.204704 0.055677 0.085519
0 0.801120 0.148921 0.034427 0.033343
0 0.561745 0.116083 0.028385 0.032444
0 0.560234 0.071102 0.019219 0.036041
0 0.603516 0.067953 0.021823 0.038739
0 0.864375 0.339204 0.086042 0.120630
0 0.940807 0.287028 0.076927 0.091833
0 0.582500 0.044111 0.018229 0.027044
