0 0.695365 0.065404 0.022292 0.038441
0 0.743255 0.058206 0.022969 0.026444
0 0.710521 0.075898 0.026354 0.039037
0 0.697057 0.269333 0.059427 0.097222
0 0.564635 0.138278 0.033438 0.054630
0 0.579479 0.303528 0.059063 0.104426
0 0.740911 0.088797 0.028385 0.038443
0 0.761146 0.111287 0.034479 0.055833
0 0.786276 0.092694 0.026719 0.045037
0 0.871068 0.080229 0.018385 0.039969
0 0.807214 0.138278 0.042865 0.073833
0 0.829974 0.238148 0.066198 0.099630
0 0.848516 0.193454 0.052656 0.078611
0 0.566302 0.098692 0.028021 0.031839
0 0.564453 0.057606 0.018281 0.031241
0 0.603411 0.049509 0.018594 0.033041
0 0.952109 0.445370 0.097865 0.147000
0 0.983646 0.332907 0.034792 0.073222
