0 0.755833 0.507954 0.097292 0.154944
0 0.618047 0.393583 0.064844 0.109944
1 0.492922 0.245898 0.086135 0.091907
0 0.589167 0.207167 0.035521 0.061296
1 0.582083 0.161231 0.025313 0.063093
0 0.616016 0.140519 0.028385 0.043278
0 0.964063 0.407102 0.071979 0.108130
0 0.850573 0.229685 0.041562 0.066704
0 0.781172 0.215269 0.038490 0.063093
0 0.783203 0.198157 0.040573 0.057685
0 0.774583 0.178343 0.045625 0.057685
0 0.744193 0.164833 0.035469 0.045074
0 0.760391 0.138718 0.033490 0.057694
1 0.727474 0.145023 0.032448 0.059491
0 0.713281 0.136917 0.028438 0.046889
0 0.694167 0.123338 0.026875 0.035231
0 0.728594 0.117778 0.030000 0.038019
0 0.964036 0.514259 0.074010 0.142333
