0 0.741693 0.875602 0.173490 0.252500
1 0.677266 0.453019 0.102031 0.236407
0 0.609453 0.347870 0.071719 0.129259
0 0.629687 0.251657 0.068750 0.125500
0 0.792917 0.374880 0.093854 0.170833
0 0.735651 0.259120 0.070781 0.105796
0 0.610286 0.153542 0.044844 0.077472
0 0.774401 0.063078 0.035052 0.043426
0 0.797917 0.099816 0.043854 0.067998
0 0.856589 0.088228 0.042031 0.053878
0 0.682813 0.120791 0.039896 0.066474
1 0.586693 0.092144 0.032448 0.063676
0 0.882839 0.142519 0.056823 0.073056
0 0.612526 0.077819 0.030469 0.051826
0 0.873854 0.248361 0.076042 0.095574
0 0.600391 0.033282 0.024115 0.044169
0 0.396302 0.666065 0.331708 0.671574
