0 0.697240 0.053312 0.021562 0.032865
0 0.708958 0.060646 0.025208 0.034959
0 0.353219 0.265843 0.083000 0.090278
0 0.733490 0.063789 0.025417 0.028256
0 0.741979 0.044187 0.020521 0.021233
0 0.723125 0.030786 0.016979 0.024692
0 0.758776 0.020711 0.023698 0.037719
0 0.764062 0.050902 0.025104 0.025111
0 0.752161 0.090928 0.027656 0.052774
0 0.769010 0.076362 0.022500 0.041665
0 0.607187 0.431231 0.075104 0.147907
0 0.531234 0.175060 0.041490 0.062620
0 0.747917 0.410593 0.086146 0.140148
0 0.732318 0.090401 0.027344 0.020291
0 0.794766 0.099619 0.027552 0.033280
0 0.673021 0.223778 0.053750 0.083370
0 0.786901 0.131681 0.040052 0.058435
1 0.731484 0.130843 0.040052 0.068907
0 0.632057 0.119739 0.033594 0.055078
0 0.860130 0.191514 0.055052 0.085046
0 0.577708 0.030890 0.017083 0.029931
0 0.596953 0.017148 0.015885 0.030593
0 0.963802 0.334519 0.074479 0.109556
0 0.543297 0.049918 0.035490 0.096131
