0 0.817135 0.687185 0.138854 0.221593
0 0.628698 0.502565 0.082083 0.140537
1 0.478750 0.256704 0.094271 0.095519
0 0.588672 0.237787 0.038490 0.061278
1 0.579036 0.181944 0.027344 0.064889
0 0.617526 0.160333 0.029427 0.050481
0 0.938724 0.376472 0.084115 0.097315
0 0.846016 0.227880 0.040573 0.063093
0 0.776094 0.222472 0.038542 0.055870
0 0.775599 0.200861 0.043594 0.048685
0 0.777604 0.180144 0.045625 0.054083
0 0.740625 0.173843 0.034479 0.048685
0 0.746224 0.140519 0.031406 0.054093
1 0.721901 0.150426 0.029427 0.055889
0 0.706198 0.143222 0.028438 0.041481
0 0.687135 0.128907 0.026875 0.038019
0 0.720000 0.122644 0.028438 0.033843
0 0.948854 0.469241 0.104375 0.135148
0 0.600313 0.137815 0.023333 0.037870
0 0.980854 0.280037 0.040375 0.181593
