0 0.726250 0.049659 0.020938 0.030341
0 0.785625 0.858694 0.171771 0.286315
0 0.698646 0.067653 0.023438 0.038139
0 0.756589 0.071402 0.028385 0.035441
0 0.725807 0.084445 0.030573 0.043535
0 0.648125 0.156875 0.038854 0.061843
0 0.569089 0.094793 0.027552 0.044433
0 0.568932 0.158069 0.036302 0.061231
0 0.762500 0.117582 0.037812 0.051631
0 0.790156 0.153431 0.042188 0.071139
0 0.832240 0.133481 0.041042 0.062426
0 0.922005 0.115032 0.042031 0.044139
0 0.863464 0.202602 0.067969 0.096315
0 0.946797 0.412981 0.108490 0.147000
0 0.980625 0.317167 0.040833 0.067519
