0 0.635391 0.373704 0.075156 0.143444
0 0.726589 0.650630 0.159010 0.244370
0 0.771901 0.067031 0.037552 0.048006
0 0.723073 0.263981 0.070521 0.108630
0 0.617578 0.169514 0.047031 0.078528
0 0.807682 0.088347 0.043073 0.057787
0 0.711406 0.053536 0.030104 0.048398
0 0.805234 0.043953 0.035156 0.049572
0 0.602500 0.113184 0.038437 0.060520
0 0.681276 0.138806 0.041094 0.069519
0 0.754219 0.108882 0.043958 0.058957
0 0.894036 0.118466 0.049010 0.058569
0 0.897995 0.185153 0.064427 0.077731
1 0.597005 0.071332 0.027031 0.053483
0 0.933411 0.249315 0.068385 0.092593
0 0.594896 0.043757 0.022396 0.032752
0 0.520854 0.194509 0.090146 0.206500
