1 0.612839 0.511176 0.085469 0.241981
0 0.831901 0.593907 0.146094 0.239667
0 0.626927 0.242963 0.054688 0.098074
0 0.734505 0.042485 0.029219 0.041870
0 0.753750 0.065572 0.031354 0.055726
0 0.586667 0.364574 0.091042 0.127296
0 0.803333 0.104055 0.044792 0.066502
0 0.683620 0.171782 0.046927 0.077287
0 0.607240 0.113674 0.036979 0.059578
0 0.854219 0.131759 0.053854 0.071111
0 0.755938 0.116753 0.045208 0.068809
0 0.854844 0.079425 0.042188 0.054187
0 0.600078 0.072497 0.029635 0.048024
0 0.652031 0.074423 0.030521 0.051876
0 0.894245 0.242963 0.070781 0.098074
0 0.966510 0.187208 0.069062 0.075065
0 0.535745 0.127938 0.066156 0.155531
