1 0.676901 0.901370 0.145469 0.200963
0 0.809974 0.209088 0.040052 0.053380
0 0.746198 0.119278 0.027187 0.036944
0 0.761875 0.139468 0.032188 0.043343
0 0.725781 0.140861 0.029896 0.040556
0 0.706094 0.125819 0.026250 0.037213
0 0.802057 0.239028 0.054948 0.068685
0 0.772057 0.513185 0.095781 0.156963
0 0.597865 0.354296 0.058542 0.105444
0 0.597969 0.264778 0.048021 0.074519
0 0.531995 0.229972 0.037365 0.067870
0 0.581354 0.190704 0.032708 0.052259
0 0.576406 0.164111 0.029062 0.048074
0 0.973724 0.365593 0.052760 0.097370
0 0.816130 0.154905 0.077156 0.120969
0 0.936297 0.211790 0.129490 0.217754
