1 0.384516 0.244991 0.118573 0.093722
0 0.597786 0.405287 0.066927 0.126130
1 0.586120 0.235991 0.039531 0.097315
0 0.660078 0.226083 0.047656 0.073907
0 0.860182 0.270204 0.058802 0.079296
0 0.814609 0.162139 0.036510 0.054093
0 0.792812 0.185551 0.051667 0.054083
0 0.761927 0.166639 0.040521 0.048685
0 0.767005 0.133310 0.032448 0.046880
0 0.732552 0.140519 0.034479 0.043278
1 0.712786 0.115301 0.029427 0.054083
0 0.698099 0.107199 0.028385 0.045083
0 0.876406 0.321537 0.068958 0.099111
0 0.625156 0.163037 0.030417 0.052296
0 0.569401 0.148620 0.028385 0.048685
0 0.603359 0.112602 0.025365 0.041481
0 0.919854 0.210506 0.124146 0.170543
