0 0.636797 0.411907 0.092760 0.161778
1 0.613724 0.256685 0.052031 0.130185
0 0.702943 0.243000 0.067135 0.098704
0 0.614115 0.151949 0.039896 0.072361
0 0.819635 0.061744 0.039896 0.048787
0 0.773438 0.069468 0.035729 0.046002
0 0.784974 0.094752 0.042240 0.059867
0 0.781745 0.141731 0.044635 0.072444
0 0.519411 0.244991 0.062115 0.099167
0 0.870286 0.168565 0.062135 0.075796
0 0.650417 0.086618 0.033646 0.057728
0 0.595208 0.059003 0.028021 0.046646
0 0.950521 0.219366 0.072813 0.104565
0 0.907422 0.320009 0.090469 0.130093
0 0.968880 0.168972 0.064323 0.084500
0 0.543188 0.064469 0.047708 0.125235
