0 0.936354 0.848028 0.129375 0.260796
0 0.653750 0.415741 0.085312 0.152222
0 0.755495 0.055280 0.031823 0.045485
0 0.608073 0.270852 0.061354 0.099481
0 0.795703 0.488676 0.101094 0.177833
0 0.806693 0.061566 0.032656 0.043265
0 0.783984 0.088930 0.036406 0.052141
1 0.615339 0.179148 0.041823 0.087630
0 0.813333 0.110005 0.037604 0.052880
0 0.609297 0.116657 0.034740 0.044000
0 0.884870 0.125532 0.049323 0.061750
0 0.784635 0.154005 0.051771 0.072843
0 0.540234 0.074506 0.028073 0.049915
1 0.593281 0.067849 0.030208 0.063228
0 0.652995 0.087081 0.031406 0.055839
1 0.933958 0.214639 0.081771 0.120167
0 0.489599 0.196894 0.077156 0.068139
0 0.473854 0.419194 0.145708 0.403426
