0 0.698047 0.053364 0.020469 0.041217
0 0.710286 0.062530 0.025052 0.034907
0 0.391745 0.246593 0.088427 0.082704
0 0.734974 0.069441 0.023385 0.034307
0 0.752708 0.048818 0.021146 0.023961
0 0.730833 0.037911 0.018021 0.024693
0 0.766823 0.024366 0.019479 0.026494
0 0.772161 0.069591 0.026406 0.055041
0 0.756432 0.095887 0.030469 0.054744
0 0.760807 0.080669 0.020885 0.035143
0 0.601016 0.312102 0.055990 0.109722
0 0.545807 0.152532 0.031823 0.058046
0 0.691510 0.269880 0.060208 0.091389
0 0.733620 0.113615 0.033802 0.052937
0 0.792682 0.110157 0.028281 0.026796
0 0.647422 0.162898 0.044323 0.069167
0 0.802057 0.144116 0.042969 0.061657
1 0.745625 0.149523 0.042292 0.077880
0 0.625182 0.089724 0.027240 0.046626
0 0.897266 0.243880 0.074740 0.106722
0 0.544969 0.043333 0.034375 0.082963
