0 0.700677 0.055357 0.022500 0.037541
0 0.713385 0.064504 0.023646 0.037837
0 0.472521 0.216551 0.078646 0.076824
0 0.738542 0.072601 0.023646 0.035439
0 0.762474 0.061190 0.023281 0.025469
0 0.747005 0.046187 0.018490 0.021967
0 0.784583 0.034515 0.020938 0.030041
0 0.777917 0.077400 0.027187 0.049237
0 0.769661 0.103338 0.030260 0.050731
0 0.750781 0.091795 0.025833 0.039039
0 0.602057 0.217144 0.041198 0.084009
0 0.558385 0.118636 0.025313 0.053135
0 0.645573 0.162269 0.039167 0.064833
0 0.744870 0.132130 0.035573 0.052537
0 0.804323 0.136028 0.040521 0.043537
0 0.623073 0.104091 0.031875 0.049837
0 0.838490 0.174264 0.044062 0.072028
1 0.786380 0.200208 0.057240 0.093324
0 0.618854 0.058505 0.023438 0.039639
