0 0.745521 0.905176 0.173854 0.193352
0 0.636354 0.292343 0.065313 0.114981
0 0.737266 0.038537 0.032031 0.048363
0 0.568021 0.246120 0.055313 0.093722
1 0.612604 0.189843 0.048854 0.097167
0 0.782344 0.411778 0.103438 0.160926
0 0.792031 0.045715 0.029792 0.045493
0 0.551380 0.169176 0.047240 0.073056
0 0.728568 0.248125 0.076615 0.127602
0 0.601641 0.130412 0.047552 0.073620
1 0.679479 0.132997 0.046250 0.089135
0 0.798984 0.083901 0.037240 0.058698
0 0.642005 0.097680 0.034635 0.060993
0 0.874375 0.100550 0.048542 0.059844
0 0.848880 0.152523 0.058177 0.069620
0 0.649271 0.069258 0.030417 0.042046
0 0.593880 0.043992 0.028177 0.042046
0 0.974635 0.270907 0.051875 0.104630
0 0.458630 0.577324 0.222156 0.680574
