0 0.643672 0.418241 0.090677 0.150852
0 0.615833 0.211093 0.050417 0.086259
0 0.824896 0.537537 0.135208 0.208556
0 0.756589 0.068109 0.036406 0.051807
0 0.550443 0.190847 0.047552 0.080231
1 0.608099 0.140894 0.037865 0.078509
0 0.706901 0.223153 0.063073 0.091435
0 0.814219 0.087919 0.035417 0.056976
0 0.536865 0.131417 0.039813 0.061278
0 0.674453 0.143907 0.051406 0.075926
0 0.578047 0.099545 0.037865 0.063002
1 0.654844 0.089642 0.034479 0.067309
0 0.846927 0.150796 0.056250 0.075926
0 0.617031 0.063803 0.028646 0.055254
0 0.931979 0.151662 0.060625 0.079380
0 0.955729 0.272315 0.090625 0.105519
0 0.634479 0.046577 0.022812 0.043194
0 0.457854 0.582259 0.217479 0.669519
