0 0.696719 0.062705 0.022292 0.037839
0 0.750026 0.064204 0.024323 0.024044
0 0.717474 0.080096 0.027344 0.046233
0 0.661120 0.190167 0.044219 0.072037
0 0.567161 0.109186 0.029010 0.046831
0 0.570859 0.195259 0.039844 0.072630
0 0.751693 0.101993 0.032448 0.049237
0 0.774661 0.135875 0.039844 0.064231
0 0.808047 0.114587 0.035156 0.056437
0 0.899479 0.102290 0.027708 0.041439
0 0.832161 0.172764 0.055052 0.087620
0 0.884635 0.328120 0.093125 0.129611
0 0.934062 0.266037 0.073229 0.097815
0 0.566979 0.073500 0.023333 0.029441
0 0.567161 0.039014 0.018281 0.028843
0 0.593125 0.033014 0.016875 0.030042
