0 0.697682 0.053514 0.020469 0.040917
0 0.709870 0.062380 0.024219 0.035207
0 0.388536 0.248398 0.088094 0.083278
0 0.734635 0.070042 0.024063 0.034306
0 0.751875 0.048460 0.021146 0.023750
0 0.729948 0.037597 0.017917 0.024483
0 0.765781 0.024213 0.019792 0.025785
0 0.771719 0.069742 0.026562 0.055943
0 0.756094 0.096483 0.029479 0.054737
0 0.761484 0.080326 0.020990 0.035700
0 0.601276 0.319306 0.056510 0.111537
0 0.544635 0.154931 0.031458 0.058046
0 0.694557 0.277843 0.061198 0.093500
0 0.733359 0.113016 0.033698 0.052339
0 0.792786 0.108208 0.028073 0.022287
0 0.649010 0.167551 0.044479 0.071269
0 0.800729 0.144718 0.042292 0.061657
1 0.744427 0.148319 0.041979 0.076676
0 0.625417 0.092127 0.027083 0.046024
0 0.893203 0.239074 0.073385 0.104926
0 0.543854 0.044321 0.034375 0.084939
