0 0.588568 0.205153 0.039531 0.072028
0 0.617917 0.430074 0.080000 0.144000
0 0.286828 0.359000 0.081760 0.115741
0 0.708906 0.060980 0.020521 0.028393
0 0.717630 0.085495 0.026302 0.041435
0 0.730781 0.057606 0.020313 0.036039
0 0.748490 0.106188 0.033438 0.043235
0 0.778854 0.123282 0.033438 0.052231
0 0.574896 0.102591 0.026354 0.046837
0 0.732292 0.150273 0.039479 0.059435
0 0.800130 0.152074 0.041510 0.063037
0 0.840078 0.218644 0.056719 0.077417
0 0.609323 0.063005 0.020313 0.032443
0 0.579974 0.045910 0.018281 0.030643
0 0.561771 0.054907 0.018229 0.030641
