0 0.729271 0.050408 0.021250 0.025243
0 0.742943 0.698176 0.137656 0.248352
0 0.700443 0.066603 0.024323 0.039639
0 0.759141 0.072001 0.028385 0.039639
0 0.730260 0.087296 0.029375 0.045037
0 0.646276 0.149375 0.037448 0.064824
0 0.571380 0.088196 0.027344 0.043237
0 0.569844 0.147574 0.032396 0.057630
0 0.766224 0.118782 0.038490 0.050435
0 0.796068 0.161977 0.045573 0.075639
0 0.843125 0.139477 0.044583 0.059435
0 0.931198 0.119683 0.050625 0.059430
0 0.877526 0.215056 0.070885 0.106222
0 0.960026 0.456167 0.082031 0.163815
