0 0.751839 0.013437 0.020115 0.023170
0 0.679318 0.020186 0.016885 0.036669
0 0.693344 0.014017 0.016167 0.024330
0 0.699104 0.038376 0.022646 0.036433
0 0.733938 0.051496 0.025667 0.041126
0 0.716073 0.068701 0.027833 0.049120
0 0.575734 0.119011 0.035344 0.056244
0 0.627250 0.093553 0.033208 0.053643
2 0.581797 0.072612 0.036344 0.066676
0 0.855344 0.122225 0.058125 0.060939
0 0.783078 0.133956 0.046490 0.070500
0 0.870125 0.218415 0.059500 0.082319
0 0.384198 0.223537 0.084333 0.073111
0 0.572365 0.036117 0.019979 0.032959
0 0.937276 0.373685 0.093156 0.136000
