0 0.640286 0.404167 0.087135 0.148000
0 0.615182 0.206495 0.049844 0.082824
0 0.815677 0.512833 0.130417 0.199370
0 0.757708 0.069260 0.037396 0.050665
0 0.549453 0.184819 0.046302 0.078509
1 0.607422 0.137736 0.037865 0.076787
0 0.704661 0.216264 0.061094 0.093731
0 0.815365 0.089068 0.035104 0.055828
0 0.536208 0.128259 0.039146 0.060704
0 0.672839 0.139315 0.051406 0.074778
0 0.577396 0.095814 0.036563 0.063576
1 0.654349 0.086196 0.033490 0.068459
0 0.850495 0.153093 0.056927 0.077074
0 0.616563 0.060357 0.027708 0.052959
0 0.936328 0.152810 0.060990 0.081676
0 0.958750 0.279981 0.084583 0.108333
0 0.633333 0.044853 0.021875 0.043194
0 0.457187 0.582657 0.218812 0.669500
