0 0.697891 0.058806 0.019948 0.033041
0 0.710964 0.069153 0.023490 0.036339
0 0.505755 0.207856 0.067865 0.072028
0 0.736589 0.076199 0.026510 0.036639
0 0.762344 0.065458 0.023646 0.026609
0 0.751406 0.056980 0.020000 0.028881
0 0.789479 0.042162 0.023958 0.025543
0 0.775755 0.075150 0.029219 0.033941
0 0.771198 0.116236 0.034271 0.054935
0 0.747552 0.100491 0.028542 0.049833
0 0.600807 0.189255 0.040990 0.076824
0 0.561172 0.106191 0.025156 0.049841
0 0.631927 0.131681 0.032396 0.057639
0 0.749271 0.155819 0.042708 0.068731
0 0.817734 0.159120 0.046406 0.061537
0 0.609427 0.086844 0.025833 0.040533
0 0.859167 0.199606 0.054375 0.079528
1 0.823307 0.255546 0.073385 0.117611
0 0.610599 0.049659 0.020469 0.030941
