0 0.674453 0.883602 0.164844 0.236500
0 0.742839 0.044335 0.031094 0.045930
0 0.846484 0.544546 0.130260 0.202204
0 0.638750 0.296102 0.067917 0.114056
0 0.770625 0.062367 0.034063 0.047267
0 0.604219 0.203949 0.049896 0.084657
0 0.747708 0.308806 0.075417 0.115389
0 0.702240 0.038325 0.025104 0.039250
0 0.832969 0.073718 0.040104 0.051269
0 0.808932 0.103104 0.043073 0.053941
1 0.608333 0.135157 0.035625 0.075315
0 0.845391 0.133157 0.045365 0.063296
0 0.603073 0.087075 0.029583 0.045924
0 0.925781 0.166546 0.057396 0.073981
0 0.845000 0.223981 0.067187 0.092667
0 0.543359 0.050346 0.024323 0.044593
1 0.589922 0.043668 0.027344 0.052608
0 0.640625 0.049009 0.029583 0.044593
1 0.978177 0.272963 0.045729 0.138222
0 0.450932 0.184588 0.079927 0.067306
0 0.487188 0.335741 0.133938 0.334889
