0 0.635833 0.394037 0.076979 0.145000
0 0.746380 0.696778 0.168698 0.269407
0 0.770156 0.067812 0.036667 0.046443
0 0.727240 0.276102 0.073646 0.110981
0 0.618672 0.179292 0.049219 0.079306
0 0.805495 0.089523 0.041302 0.057009
0 0.709427 0.054319 0.028750 0.049963
0 0.802161 0.041997 0.033385 0.044094
0 0.602500 0.120619 0.039375 0.062874
0 0.684349 0.149370 0.044635 0.068741
0 0.746745 0.106535 0.041302 0.060522
0 0.888958 0.117683 0.048542 0.057004
0 0.889635 0.178120 0.061771 0.074611
1 0.597891 0.078371 0.026094 0.053480
0 0.925937 0.242657 0.065729 0.093389
0 0.595573 0.049625 0.020208 0.033535
0 0.519969 0.204386 0.091042 0.215191
