0 0.742995 0.857093 0.199010 0.289519
0 0.621745 0.296944 0.069323 0.118259
0 0.823984 0.476278 0.115365 0.173963
1 0.607812 0.192241 0.047708 0.102667
0 0.794219 0.047153 0.034583 0.046409
0 0.668594 0.174144 0.058333 0.077602
0 0.749271 0.058570 0.034271 0.052533
0 0.610312 0.114266 0.036458 0.055876
0 0.852812 0.085024 0.046458 0.050859
0 0.812552 0.104518 0.044896 0.055317
0 0.821484 0.137102 0.050885 0.067019
0 0.841380 0.233449 0.068073 0.102657
0 0.495495 0.212296 0.071823 0.087074
0 0.934583 0.233167 0.077187 0.096519
0 0.638047 0.051886 0.027344 0.044735
