0 0.692734 0.065103 0.020469 0.035439
0 0.706745 0.076051 0.027865 0.039343
0 0.737786 0.369204 0.073385 0.124222
0 0.558724 0.156722 0.034115 0.059130
0 0.591432 0.460370 0.082031 0.152407
0 0.732474 0.083698 0.025677 0.036641
0 0.755000 0.100792 0.029583 0.047435
0 0.772031 0.079574 0.020208 0.027085
0 0.846797 0.065612 0.021406 0.036824
0 0.789922 0.112935 0.039323 0.056130
0 0.801380 0.194657 0.054219 0.087019
0 0.794635 0.141426 0.032604 0.036333
0 0.563021 0.116088 0.027813 0.036639
0 0.560651 0.069002 0.019115 0.035441
0 0.604948 0.066603 0.022292 0.040839
0 0.853073 0.318361 0.080000 0.115500
0 0.931849 0.274593 0.073594 0.091519
0 0.584271 0.041561 0.018437 0.027344
