1 0.615260 0.596343 0.099167 0.282500
0 0.881875 0.742167 0.181563 0.305667
0 0.629115 0.266944 0.056458 0.101889
0 0.750156 0.056338 0.029062 0.045976
0 0.609896 0.408037 0.100625 0.138852
0 0.795339 0.095844 0.043177 0.054183
0 0.690703 0.189736 0.050365 0.084972
0 0.609323 0.127912 0.037708 0.063935
0 0.842943 0.120725 0.047760 0.062902
0 0.742500 0.100203 0.040313 0.058798
0 0.842370 0.073523 0.039115 0.054694
0 0.600521 0.083531 0.031042 0.048030
0 0.659115 0.089688 0.033333 0.053161
0 0.856797 0.203593 0.066302 0.087037
0 0.944089 0.169727 0.057344 0.072657
0 0.977031 0.285361 0.048021 0.112500
1 0.593594 0.051719 0.023542 0.042898
0 0.532187 0.140185 0.068812 0.161852
