0 0.544047 0.304111 0.057740 0.097222
0 0.569349 0.060305 0.017240 0.030643
0 0.574922 0.109786 0.028385 0.046835
1 0.646771 0.178167 0.054688 0.115222
0 0.563255 0.215949 0.045573 0.075620
0 0.680182 0.276231 0.060781 0.091833
0 0.755078 0.174565 0.044531 0.068426
0 0.831484 0.200657 0.053698 0.073833
0 0.766198 0.129579 0.036458 0.050435
0 0.798594 0.118786 0.036458 0.054039
0 0.728255 0.104391 0.031406 0.054033
0 0.691302 0.068402 0.022292 0.036041
0 0.711042 0.057606 0.019271 0.028843
0 0.936250 0.325713 0.081042 0.108019
