0 0.651589 0.512713 0.113594 0.197315
1 0.610911 0.310315 0.056406 0.155778
0 0.726510 0.305694 0.081562 0.121907
0 0.617422 0.174083 0.046927 0.080352
0 0.805286 0.050950 0.036510 0.043411
0 0.755078 0.054799 0.033073 0.048028
0 0.767604 0.076346 0.037396 0.051104
0 0.768932 0.109439 0.038281 0.064956
0 0.531687 0.271824 0.069437 0.106500
0 0.845547 0.144843 0.054740 0.071111
0 0.658542 0.107900 0.037396 0.064959
0 0.597943 0.074809 0.030469 0.048030
0 0.916979 0.185634 0.064271 0.094213
0 0.842943 0.229500 0.068594 0.095741
0 0.922604 0.134065 0.056458 0.071111
0 0.542635 0.086654 0.053708 0.132222
