0 0.691146 0.068403 0.019271 0.034839
0 0.706328 0.078898 0.024010 0.039037
0 0.711042 0.313120 0.061771 0.102019
0 0.561068 0.150574 0.031719 0.055241
0 0.582344 0.364704 0.063437 0.123593
0 0.733984 0.091192 0.026719 0.039635
0 0.755911 0.110090 0.031406 0.054635
0 0.778359 0.093595 0.021615 0.039643
0 0.860286 0.073733 0.019740 0.038574
0 0.796563 0.127782 0.040521 0.062435
0 0.814609 0.221356 0.059740 0.090028
0 0.823073 0.173370 0.044896 0.060037
0 0.562266 0.109787 0.024010 0.032444
0 0.561406 0.065704 0.018229 0.031841
0 0.602578 0.059106 0.019635 0.033041
0 0.903854 0.386889 0.098542 0.134407
0 0.966120 0.310417 0.069844 0.089426
