0 0.630677 0.362102 0.082188 0.141648
0 0.927240 0.767111 0.147604 0.280778
1 0.612812 0.226773 0.045833 0.117157
0 0.782005 0.032950 0.030781 0.045851
0 0.690703 0.212282 0.063698 0.093731
0 0.730781 0.036013 0.029896 0.046406
0 0.611406 0.134319 0.039896 0.064787
0 0.828854 0.061911 0.041771 0.050307
0 0.784062 0.077227 0.038646 0.050861
0 0.796094 0.101732 0.043958 0.054202
0 0.795156 0.159106 0.052083 0.076491
0 0.513052 0.226773 0.062437 0.089306
0 0.888828 0.183602 0.065885 0.083167
0 0.644792 0.067760 0.030833 0.050865
0 0.593880 0.045760 0.026719 0.042509
0 0.967344 0.237852 0.067396 0.103778
0 0.955521 0.395898 0.091042 0.145796
0 0.544297 0.055778 0.048156 0.107852
