0 0.581510 0.144727 0.027708 0.047731
0 0.597266 0.264537 0.050156 0.083407
0 0.347807 0.294546 0.090198 0.096093
0 0.705729 0.089244 0.023125 0.045937
0 0.733828 0.105739 0.029740 0.047133
0 0.740208 0.076200 0.025000 0.036041
0 0.767969 0.132583 0.035625 0.052833
0 0.806276 0.165116 0.045365 0.059731
0 0.565911 0.075600 0.020781 0.034841
0 0.786380 0.227352 0.060260 0.076222
0 0.857135 0.207407 0.057396 0.072926
0 0.956484 0.342213 0.089115 0.111611
0 0.601302 0.052357 0.019792 0.031541
0 0.585469 0.041262 0.018750 0.029143
0 0.558620 0.044860 0.017760 0.027943
