1 0.673698 0.581185 0.105000 0.252296
0 0.767292 0.043079 0.022083 0.035869
0 0.653047 0.329278 0.069219 0.119185
0 0.527276 0.131815 0.036802 0.064463
1 0.604792 0.167074 0.048750 0.107370
0 0.823021 0.473222 0.113646 0.175370
1 0.782813 0.071917 0.040417 0.066926
0 0.549609 0.296241 0.049323 0.108333
0 0.585781 0.123684 0.031250 0.066928
0 0.824427 0.119495 0.050937 0.065454
0 0.680365 0.137731 0.049583 0.080241
0 0.555964 0.067975 0.025990 0.048194
0 0.936328 0.232144 0.072865 0.102417
0 0.604089 0.044310 0.031823 0.050165
0 0.459964 0.479546 0.175927 0.477907
