0 0.662969 0.804880 0.144271 0.304315
0 0.746432 0.048096 0.032135 0.044144
0 0.820026 0.484991 0.117656 0.180944
0 0.635729 0.275315 0.063854 0.106630
0 0.774557 0.066819 0.035781 0.049272
0 0.604557 0.187574 0.047031 0.078037
0 0.735104 0.275870 0.068021 0.110296
0 0.703828 0.044338 0.027344 0.039976
0 0.841380 0.079723 0.038802 0.047665
0 0.816693 0.112690 0.045990 0.056639
1 0.604714 0.122679 0.032865 0.066717
0 0.855599 0.147218 0.049948 0.063824
0 0.601693 0.080384 0.027969 0.041861
0 0.936328 0.182102 0.059948 0.079981
0 0.866042 0.257574 0.073438 0.109185
0 0.544193 0.048952 0.023073 0.043644
1 0.589375 0.042686 0.026667 0.056744
0 0.636536 0.041654 0.027240 0.045426
0 0.492302 0.313614 0.126375 0.311180
