0 0.646771 0.944472 0.153854 0.114759
0 0.730286 0.060306 0.021302 0.037841
0 0.757109 0.060306 0.020260 0.027044
0 0.640182 0.331111 0.067865 0.115222
0 0.701927 0.072899 0.025313 0.045035
0 0.771250 0.079197 0.026354 0.043235
0 0.746979 0.102591 0.030417 0.046837
0 0.635130 0.111587 0.031406 0.050437
0 0.575417 0.071101 0.023333 0.041439
0 0.569349 0.107091 0.027344 0.045041
0 0.798073 0.152977 0.047604 0.061231
0 0.827448 0.209657 0.057708 0.091833
0 0.908411 0.188065 0.059740 0.073833
0 0.974714 0.140380 0.052656 0.057630
0 0.963568 0.311315 0.074948 0.140407
