0 0.698802 0.056369 0.020313 0.038815
0 0.711719 0.065834 0.027917 0.037913
0 0.406958 0.242981 0.088771 0.080259
0 0.736328 0.072144 0.025365 0.034307
0 0.755990 0.050243 0.021354 0.024796
0 0.735495 0.042417 0.020469 0.026996
0 0.770781 0.031127 0.020313 0.033406
0 0.774870 0.072594 0.026406 0.049628
0 0.760677 0.094684 0.031458 0.046928
0 0.758125 0.082048 0.020417 0.032922
0 0.600938 0.290759 0.054792 0.107333
0 0.548958 0.148773 0.031979 0.057750
0 0.680781 0.244333 0.055313 0.086593
0 0.736302 0.116319 0.031458 0.048731
0 0.793359 0.122630 0.032969 0.050537
0 0.642005 0.150574 0.042656 0.061352
0 0.807839 0.149222 0.044635 0.064056
1 0.751042 0.157792 0.047708 0.079380
0 0.624245 0.085669 0.026406 0.045126
0 0.916094 0.268676 0.081667 0.110019
0 0.545411 0.041358 0.033490 0.079013
