0 0.627031 0.705296 0.114583 0.240407
0 0.729948 0.062855 0.022604 0.042339
0 0.762005 0.063754 0.024635 0.034541
0 0.618177 0.256593 0.054167 0.093333
0 0.700599 0.074401 0.025990 0.044439
0 0.773203 0.084144 0.028177 0.042933
0 0.752891 0.108588 0.034427 0.052231
0 0.628984 0.097044 0.028177 0.051339
0 0.575078 0.058506 0.020260 0.033641
0 0.568073 0.091793 0.026146 0.044433
0 0.820104 0.174713 0.053542 0.068130
0 0.845417 0.238139 0.065000 0.096019
0 0.949818 0.219255 0.065990 0.082231
0 0.982396 0.144727 0.037292 0.045343
