0 0.697578 0.051261 0.019948 0.025822
0 0.708099 0.059411 0.023698 0.030615
0 0.271964 0.359806 0.086052 0.107463
0 0.731354 0.029795 0.020208 0.029609
0 0.734245 0.039277 0.024219 0.022943
0 0.742057 0.081462 0.026927 0.044039
0 0.760964 0.061808 0.023698 0.035409
0 0.413094 0.246852 0.078708 0.075704
0 0.731823 0.098242 0.030208 0.048831
0 0.787083 0.088173 0.025313 0.042117
0 0.942214 0.943398 0.117656 0.116907
0 0.769844 0.115979 0.033958 0.051709
1 0.699453 0.101598 0.035573 0.051711
0 0.697318 0.308694 0.065781 0.095833
0 0.827292 0.121730 0.040937 0.059374
0 0.605625 0.074751 0.025833 0.034450
0 0.594036 0.058452 0.020990 0.036367
0 0.827552 0.182134 0.049063 0.063213
0 0.915443 0.207542 0.059844 0.069917
0 0.959193 0.283278 0.083698 0.089111
0 0.960286 0.152894 0.081510 0.068009
0 0.584062 0.034483 0.018333 0.028696
0 0.603047 0.018196 0.019427 0.032689
0 0.552188 0.097717 0.051042 0.108519
