0 0.685078 0.728352 0.139427 0.276444
0 0.746484 0.039627 0.025990 0.039813
1 0.650260 0.389907 0.077604 0.173444
0 0.768958 0.053431 0.026562 0.039813
0 0.640286 0.247676 0.058177 0.094019
0 0.796979 0.041353 0.031563 0.041291
0 0.702396 0.043818 0.028229 0.043265
0 0.532698 0.114316 0.033771 0.059035
1 0.603672 0.128119 0.042656 0.091576
0 0.743151 0.274296 0.070365 0.115741
1 0.806797 0.092378 0.047344 0.073337
0 0.538792 0.258028 0.054292 0.093056
0 0.581068 0.094351 0.030156 0.056576
0 0.864349 0.156468 0.062031 0.079250
0 0.662188 0.093365 0.042083 0.062493
0 0.561797 0.046282 0.025469 0.042276
0 0.457745 0.475000 0.186594 0.456185
