1 0.615104 0.688435 0.108958 0.332796
0 0.913099 0.848019 0.175885 0.258037
0 0.630391 0.287602 0.062552 0.111389
0 0.743151 0.048513 0.028906 0.046744
0 0.630964 0.451917 0.110156 0.161426
0 0.788828 0.088663 0.041198 0.057267
0 0.696354 0.208079 0.055000 0.089843
0 0.610703 0.137273 0.040469 0.065731
0 0.832708 0.112772 0.047813 0.064956
0 0.730677 0.089688 0.037396 0.058291
0 0.832031 0.066343 0.036979 0.053159
0 0.600156 0.090585 0.032917 0.049311
0 0.663307 0.101745 0.036823 0.053676
0 0.824036 0.175375 0.061927 0.079843
0 0.928958 0.157801 0.054167 0.073954
0 0.963854 0.257824 0.074375 0.091389
1 0.592005 0.057106 0.026719 0.045976
0 0.531188 0.152630 0.076812 0.176074
