0 0.653385 0.388657 0.079687 0.151426
0 0.584427 0.307269 0.067708 0.113833
1 0.621094 0.226588 0.054167 0.121861
0 0.895729 0.764611 0.178437 0.313852
0 0.560026 0.209662 0.055781 0.079380
0 0.791120 0.396713 0.110052 0.195648
0 0.610911 0.159551 0.049010 0.074491
1 0.700937 0.189412 0.053646 0.111806
0 0.784609 0.067104 0.031719 0.050948
0 0.662083 0.138310 0.041562 0.071620
0 0.844766 0.083182 0.042240 0.059561
0 0.806719 0.117205 0.046875 0.062146
0 0.659766 0.102705 0.035260 0.045202
0 0.596198 0.075432 0.031250 0.048654
0 0.910833 0.205921 0.066771 0.082824
0 0.957344 0.370148 0.087396 0.143296
0 0.459406 0.578204 0.217708 0.668519
