0 0.661250 0.568380 0.117917 0.220426
1 0.607734 0.336222 0.062760 0.164481
0 0.739479 0.336222 0.086771 0.134741
0 0.618568 0.185375 0.048073 0.080361
0 0.801536 0.045819 0.035365 0.042383
0 0.749010 0.048385 0.031354 0.045463
0 0.759974 0.068138 0.037135 0.045976
0 0.764427 0.099947 0.036250 0.061365
0 0.538193 0.282852 0.070906 0.102926
0 0.836719 0.135093 0.053854 0.065981
0 0.662448 0.120214 0.038854 0.062906
0 0.599089 0.081219 0.031615 0.051617
0 0.904557 0.174602 0.063073 0.080352
0 0.823620 0.202824 0.063385 0.088574
0 0.906432 0.123806 0.055260 0.064961
0 0.541411 0.094556 0.054823 0.133804
