0 0.662109 0.754731 0.128698 0.237796
1 0.457974 0.244093 0.101344 0.091926
0 0.587161 0.268407 0.043594 0.075704
1 0.580052 0.190051 0.031458 0.073898
0 0.625156 0.170241 0.034479 0.052296
0 0.900208 0.329648 0.071979 0.086519
0 0.837396 0.199963 0.039583 0.057704
0 0.774089 0.205361 0.036510 0.057685
0 0.767734 0.186634 0.040990 0.053324
0 0.778307 0.162287 0.033906 0.046370
0 0.734089 0.159505 0.036302 0.043583
0 0.736589 0.113041 0.028281 0.044622
1 0.717656 0.135856 0.031563 0.054713
0 0.702005 0.129597 0.028385 0.044972
0 0.679323 0.110819 0.026875 0.035231
0 0.709844 0.103170 0.025313 0.031067
0 0.912891 0.405296 0.085156 0.118926
0 0.606380 0.137815 0.029427 0.041481
0 0.560286 0.125208 0.024323 0.041472
0 0.958297 0.265618 0.085490 0.207283
