0 0.690417 0.034453 0.019688 0.026161
0 0.701589 0.050169 0.019427 0.034122
0 0.201135 0.441602 0.105708 0.133870
0 0.743359 0.020575 0.024427 0.026257
0 0.711276 0.020920 0.018490 0.038137
0 0.729531 0.056875 0.027708 0.023224
0 0.732135 0.040111 0.021979 0.019874
0 0.337411 0.286361 0.068594 0.094685
0 0.728464 0.086420 0.030260 0.042085
0 0.774219 0.071752 0.025104 0.037056
0 0.761250 0.099832 0.031667 0.049631
1 0.681328 0.074897 0.029323 0.048372
0 0.804271 0.089562 0.038958 0.050043
0 0.638073 0.120574 0.031875 0.054241
0 0.596120 0.091450 0.026302 0.044600
0 0.783542 0.135870 0.040417 0.053815
0 0.850000 0.151380 0.053646 0.047944
0 0.851771 0.184065 0.056667 0.066389
0 0.899740 0.139644 0.067292 0.071417
0 0.584792 0.043045 0.021042 0.030769
0 0.611198 0.029843 0.019688 0.031188
0 0.545781 0.036968 0.018021 0.031191
0 0.544521 0.130312 0.062375 0.150006
