1 0.678151 0.625065 0.111719 0.271019
0 0.768411 0.044557 0.020990 0.032911
0 0.655260 0.348500 0.072604 0.126074
0 0.526740 0.136255 0.036833 0.065454
1 0.606172 0.178407 0.049323 0.108333
0 0.841615 0.521537 0.124167 0.191185
1 0.780052 0.073396 0.039271 0.063967
0 0.552943 0.307074 0.049323 0.108333
0 0.588307 0.132556 0.031823 0.066926
0 0.820000 0.118509 0.050937 0.059537
0 0.683125 0.148088 0.051771 0.083194
0 0.555443 0.073399 0.025990 0.049183
0 0.928542 0.227213 0.071771 0.102426
0 0.604922 0.051213 0.030156 0.052137
0 0.459521 0.481713 0.175479 0.481463
