0 0.693568 0.062105 0.020781 0.034243
0 0.707240 0.073351 0.026875 0.038739
0 0.742682 0.377000 0.076406 0.127815
0 0.558698 0.155222 0.033438 0.058537
0 0.594141 0.475963 0.084010 0.158407
0 0.732812 0.081896 0.026354 0.037837
0 0.755833 0.097192 0.029896 0.048635
0 0.771484 0.078529 0.020156 0.027165
0 0.844974 0.064529 0.021615 0.036587
0 0.789740 0.108441 0.038958 0.053137
0 0.800859 0.189856 0.053177 0.084620
0 0.791745 0.139931 0.034948 0.044139
0 0.564531 0.116088 0.028854 0.041435
0 0.561510 0.066604 0.018750 0.034241
0 0.606302 0.064804 0.022292 0.039641
0 0.848698 0.309074 0.077917 0.112519
0 0.928151 0.267685 0.072865 0.090926
0 0.584792 0.040062 0.018750 0.027943
