0 0.638594 0.397139 0.085312 0.146574
0 0.614844 0.204194 0.049479 0.081093
0 0.811068 0.500500 0.127969 0.194778
0 0.758255 0.069834 0.037865 0.050091
0 0.548958 0.181806 0.045625 0.077648
1 0.607109 0.136157 0.037865 0.075926
0 0.703516 0.212815 0.060156 0.094889
0 0.815911 0.089643 0.034948 0.055252
0 0.535896 0.126681 0.038833 0.060417
0 0.672031 0.137019 0.051458 0.074204
0 0.577083 0.093948 0.035937 0.063863
1 0.654115 0.084474 0.033021 0.069033
0 0.852266 0.154245 0.057240 0.077657
0 0.616302 0.058634 0.027187 0.051809
0 0.938516 0.153384 0.061094 0.082824
0 0.960234 0.284472 0.081615 0.108722
0 0.632786 0.043993 0.021406 0.043196
0 0.456854 0.582852 0.219479 0.669519
