0 0.690625 0.785796 0.148854 0.297667
0 0.745521 0.039133 0.026250 0.037841
1 0.653724 0.412083 0.080052 0.183278
0 0.768828 0.052938 0.026302 0.039813
0 0.642214 0.258037 0.059844 0.097000
0 0.793776 0.039627 0.030156 0.038828
0 0.701016 0.041599 0.027135 0.040798
0 0.532130 0.117029 0.033760 0.059535
1 0.604089 0.135269 0.043490 0.093056
0 0.751224 0.295750 0.075365 0.124130
1 0.803229 0.089419 0.046250 0.072348
0 0.540052 0.263954 0.052917 0.096019
0 0.581901 0.100019 0.030156 0.055093
0 0.857839 0.151787 0.060677 0.075796
0 0.664687 0.099528 0.043229 0.065944
0 0.560964 0.048747 0.025990 0.044250
0 0.973359 0.294713 0.055365 0.114796
0 0.458635 0.476981 0.180375 0.471185
