0 0.644245 0.885991 0.150469 0.231722
0 0.731120 0.060305 0.021302 0.034839
0 0.759219 0.060305 0.022812 0.030043
0 0.633880 0.307861 0.061927 0.107722
0 0.703203 0.072899 0.026198 0.045035
0 0.773385 0.081446 0.027187 0.041737
0 0.749089 0.104841 0.034635 0.051337
0 0.634297 0.107089 0.029740 0.050433
0 0.575833 0.066603 0.022500 0.038439
0 0.571875 0.101842 0.027396 0.043539
0 0.804844 0.158972 0.049271 0.064241
0 0.832917 0.216407 0.058542 0.093333
0 0.921484 0.195565 0.060573 0.076833
0 0.977656 0.140380 0.046771 0.054630
0 0.972005 0.323315 0.058073 0.143407
