0 0.739635 0.476444 0.087188 0.142333
0 0.611979 0.376463 0.060833 0.104519
1 0.492427 0.254898 0.085146 0.091907
0 0.586120 0.211662 0.035469 0.059491
1 0.577526 0.164843 0.026406 0.059500
0 0.610469 0.145023 0.027396 0.045083
0 0.968099 0.434111 0.063906 0.111704
0 0.848047 0.244093 0.040573 0.066704
0 0.778125 0.226083 0.038542 0.063093
0 0.783203 0.208968 0.036510 0.057694
0 0.769505 0.189157 0.043594 0.054093
0 0.739635 0.173843 0.034479 0.045093
0 0.763437 0.151324 0.035521 0.057685
1 0.725938 0.154926 0.031458 0.057685
0 0.712292 0.145921 0.030417 0.046880
0 0.693542 0.135111 0.027396 0.043278
0 0.729505 0.129708 0.028385 0.039676
0 0.969609 0.552093 0.062865 0.149556
