0 0.660130 0.771370 0.137969 0.291556
0 0.747396 0.046513 0.032396 0.042359
0 0.814219 0.468852 0.114792 0.177074
0 0.634948 0.267194 0.062812 0.105870
0 0.775495 0.065263 0.035885 0.047270
0 0.604505 0.182551 0.046510 0.078083
0 0.732682 0.266306 0.065885 0.106537
0 0.704635 0.044342 0.028021 0.042035
0 0.843385 0.079049 0.039688 0.049402
0 0.818828 0.112253 0.046615 0.057994
1 0.604115 0.117540 0.033125 0.064791
0 0.859401 0.148588 0.049219 0.065694
0 0.601432 0.077032 0.027031 0.041806
0 0.939375 0.183634 0.059583 0.081991
0 0.872057 0.262435 0.075156 0.108315
0 0.544297 0.044887 0.023281 0.042696
1 0.589141 0.039700 0.026719 0.056873
0 0.636198 0.038305 0.026354 0.043587
0 0.493745 0.308479 0.123490 0.304857
