0 0.572474 0.368741 0.061302 0.116704
0 0.573802 0.067803 0.022812 0.039039
0 0.579062 0.126282 0.029896 0.051639
1 0.690365 0.256889 0.072396 0.158704
0 0.530047 0.236944 0.077302 0.080407
0 0.725391 0.508806 0.095469 0.185093
0 0.733906 0.122083 0.036667 0.055241
0 0.788229 0.148171 0.042708 0.066028
0 0.739141 0.091795 0.026510 0.037243
0 0.777344 0.089096 0.034063 0.047437
0 0.723099 0.073501 0.028177 0.045035
0 0.688438 0.053707 0.023333 0.034841
0 0.710208 0.040812 0.019896 0.031243
0 0.857135 0.219245 0.058021 0.076213
0 0.956224 0.290324 0.071406 0.093019
