0 0.189688 0.295574 0.097896 0.067704
0 0.132151 0.432528 0.262219 0.347537
0 0.226078 0.909815 0.203260 0.184074
0 0.308854 0.313028 0.064375 0.088759
0 0.286630 0.557963 0.115490 0.179630
0 0.627188 0.229074 0.041042 0.071000
0 0.422740 0.408824 0.074375 0.130241
0 0.398297 0.269574 0.045490 0.072963
0 0.354964 0.372287 0.072156 0.112463
0 0.474964 0.261667 0.049927 0.069000
0 0.396078 0.205368 0.043260 0.063080
0 0.400521 0.159942 0.032146 0.055191
0 0.688854 0.823639 0.139937 0.240870
0 0.455521 0.147099 0.031042 0.041357
