0 0.619745 0.176132 0.027490 0.043328
0 0.714745 0.171991 0.028156 0.040574
0 0.282302 0.569815 0.093042 0.148815
0 0.678630 0.199049 0.033260 0.060717
1 0.088077 0.631843 0.107264 0.206500
0 0.752745 0.229074 0.037490 0.055963
0 0.297521 0.383343 0.059042 0.083241
0 0.722302 0.277667 0.043708 0.065444
0 0.374521 0.261861 0.039708 0.060722
0 0.672740 0.365565 0.050375 0.080870
0 0.777302 0.400926 0.065708 0.088370
0 0.847078 0.346806 0.057260 0.079685
0 0.453411 0.245269 0.039260 0.063870
0 0.514073 0.239944 0.035708 0.061111
0 0.435854 0.192923 0.028604 0.045302
0 0.888406 0.297417 0.051042 0.066241
0 0.472745 0.209120 0.029490 0.048463
