0 0.610630 0.176534 0.029260 0.048080
0 0.228521 0.435102 0.075271 0.106944
0 0.063411 0.555000 0.094823 0.135778
0 0.745854 0.184435 0.030812 0.041759
0 0.681302 0.224528 0.035042 0.055574
0 0.356302 0.374259 0.066375 0.110889
0 0.464964 0.337315 0.047260 0.083630
0 0.399630 0.287343 0.050823 0.081648
0 0.346302 0.264231 0.043708 0.060722
0 0.647406 0.391250 0.055708 0.087981
0 0.319740 0.232231 0.040375 0.053611
0 0.447188 0.220583 0.035708 0.055574
0 0.507635 0.204380 0.030375 0.050833
0 0.458635 0.177716 0.031042 0.044124
0 0.777854 0.889815 0.142812 0.192259
