0 0.629964 0.231250 0.034156 0.050056
0 0.696964 0.234806 0.037927 0.054796
0 0.752745 0.207345 0.032156 0.051235
0 0.650078 0.295444 0.041927 0.059926
0 0.398073 0.354704 0.055708 0.086000
0 0.737740 0.318352 0.052375 0.081259
0 0.393745 0.237769 0.034594 0.047278
0 0.818854 0.220185 0.033708 0.049259
0 0.322406 0.248426 0.040375 0.059926
0 0.506745 0.246065 0.033490 0.054389
0 0.415297 0.197071 0.030594 0.044117
0 0.520635 0.201620 0.027042 0.040574
1 0.465302 0.194704 0.035042 0.081259
0 0.879411 0.331593 0.063260 0.088778
0 0.376521 0.189368 0.027708 0.047672
0 0.730745 0.658898 0.106823 0.170537
0 0.955297 0.478750 0.091490 0.101019
