0 0.046931 0.717176 0.091778 0.204907
0 0.715406 0.235593 0.042375 0.064259
0 0.311188 0.485861 0.092604 0.184759
0 0.295297 0.345417 0.058594 0.083241
0 0.457297 0.396981 0.059490 0.090741
0 0.792854 0.250602 0.041708 0.055574
0 0.674854 0.360630 0.055479 0.096259
0 0.848187 0.228676 0.044375 0.061500
0 0.406969 0.309667 0.051708 0.078889
0 0.777411 0.335741 0.051260 0.078111
0 0.297854 0.260880 0.051271 0.064278
1 0.506188 0.215645 0.034604 0.071783
0 0.456073 0.206558 0.034375 0.059143
1 0.843297 0.883500 0.170156 0.200963
