0 0.691411 0.184627 0.032594 0.047672
0 0.700854 0.217019 0.039479 0.056370
1 0.753964 0.192926 0.031927 0.056370
0 0.661406 0.275491 0.042375 0.066648
0 0.787297 0.174750 0.031927 0.046093
0 0.362745 0.424231 0.074823 0.106537
0 0.241297 0.439648 0.075490 0.100222
0 0.307078 0.350750 0.060823 0.080463
0 0.287078 0.277074 0.045260 0.067444
0 0.693969 0.394407 0.057708 0.104556
0 0.822297 0.304926 0.056156 0.074148
0 0.826969 0.471046 0.077042 0.111685
0 0.704188 0.543537 0.075938 0.128667
0 0.389740 0.226315 0.037708 0.062296
0 0.962745 0.337907 0.076594 0.091926
0 0.964745 0.522407 0.072594 0.115630
0 0.799073 0.912185 0.141708 0.179333
0 0.971630 0.857222 0.058823 0.179222
0 0.482630 0.180083 0.027490 0.042537
