1 0.626188 0.183642 0.031479 0.055976
1 0.074599 0.873269 0.147115 0.257167
0 0.739635 0.183642 0.030375 0.046494
0 0.164521 0.542759 0.106813 0.150000
0 0.218411 0.339685 0.059490 0.069407
0 0.666964 0.374852 0.051260 0.084407
0 0.802635 0.434509 0.065708 0.094685
0 0.845073 0.346009 0.064375 0.085204
0 0.888964 0.274111 0.057927 0.089148
0 0.442635 0.256139 0.039042 0.057944
0 0.499745 0.264824 0.038156 0.060315
0 0.729969 0.622167 0.099042 0.159481
0 0.920188 0.712630 0.128812 0.180815
0 0.392297 0.196676 0.030823 0.047278
