0 0.677745 0.174750 0.028823 0.053204
0 0.380521 0.671546 0.096604 0.177648
0 0.640521 0.233028 0.036604 0.074944
0 0.742745 0.194503 0.032156 0.049254
0 0.433302 0.419694 0.064375 0.100611
2 0.301630 0.463148 0.096594 0.242852
0 0.202188 0.452287 0.091042 0.122352
0 0.781630 0.183639 0.032156 0.047278
0 0.241630 0.321917 0.052156 0.070981
0 0.346630 0.294259 0.053260 0.074926
0 0.335521 0.226111 0.033271 0.045296
0 0.696078 0.509574 0.076594 0.114444
0 0.889406 0.640926 0.114375 0.159889
0 0.956078 0.466111 0.089927 0.114444
0 0.796630 0.930556 0.146594 0.142593
