0 0.639964 0.208331 0.035490 0.057154
0 0.699969 0.219194 0.037708 0.059130
0 0.091077 0.753519 0.139930 0.211222
0 0.302745 0.509565 0.089927 0.153944
1 0.371635 0.693278 0.101042 0.244815
0 0.724411 0.178704 0.033260 0.049259
0 0.470521 0.348574 0.052146 0.084815
0 0.789411 0.261667 0.045490 0.061111
0 0.334411 0.302157 0.046594 0.070981
0 0.710521 0.495741 0.076604 0.122333
0 0.448854 0.218213 0.035479 0.057167
0 0.847745 0.535241 0.095490 0.126296
1 0.509964 0.205368 0.033260 0.063080
0 0.948297 0.337713 0.065490 0.082833
0 0.831073 0.955250 0.144375 0.093204
