0 0.626411 0.195688 0.030156 0.058735
0 0.342521 0.712435 0.109042 0.188315
2 0.085818 0.824880 0.169552 0.353944
0 0.055521 0.531491 0.084375 0.129056
0 0.238635 0.448139 0.081708 0.104574
0 0.266521 0.313028 0.050375 0.069019
0 0.662854 0.367741 0.049708 0.078111
0 0.772964 0.402704 0.065927 0.093519
0 0.839964 0.327046 0.052823 0.078093
0 0.702740 0.546315 0.079708 0.119185
0 0.461188 0.216231 0.031708 0.047685
0 0.916745 0.716389 0.135260 0.186741
0 0.434073 0.180679 0.026375 0.040569
0 0.977745 0.404083 0.046594 0.082056
