0 0.628297 0.187593 0.032156 0.043333
1 0.092151 0.854259 0.182219 0.270481
0 0.643302 0.234009 0.037708 0.057167
0 0.701630 0.223148 0.036594 0.063074
1 0.757745 0.215241 0.033260 0.055185
1 0.461635 0.394009 0.054375 0.116426
1 0.222187 0.355491 0.055479 0.106537
0 0.738854 0.309074 0.046604 0.069000
0 0.810521 0.215250 0.036604 0.051241
0 0.791073 0.180682 0.037708 0.049265
1 0.696630 0.440426 0.088823 0.185556
0 0.794969 0.423648 0.067708 0.108519
0 0.843854 0.312037 0.056604 0.074926
0 0.424969 0.274509 0.041042 0.063093
0 0.499964 0.272537 0.039927 0.067037
0 0.372188 0.257722 0.042146 0.061111
0 0.408854 0.207343 0.037708 0.047278
