0 0.633297 0.186602 0.026594 0.053204
0 0.730521 0.176729 0.029937 0.041357
0 0.697745 0.206355 0.035490 0.049254
0 0.152188 0.664630 0.131042 0.183593
0 0.762740 0.208331 0.034375 0.057154
0 0.654964 0.274509 0.036594 0.074944
1 0.739411 0.284380 0.043260 0.086796
0 0.808302 0.204380 0.034375 0.053204
1 0.224406 0.334750 0.077708 0.128278
0 0.787188 0.253769 0.045479 0.065056
0 0.416078 0.285370 0.043260 0.065074
0 0.876078 0.259694 0.049927 0.065056
0 0.707188 0.496731 0.074375 0.116426
1 0.872740 0.572778 0.101042 0.161852
0 0.416630 0.195497 0.026594 0.043339
0 0.858302 0.937222 0.154375 0.104556
0 0.987187 0.501667 0.027708 0.086778
