0 0.675521 0.180679 0.028813 0.045309
0 0.629964 0.207349 0.033260 0.055191
0 0.052708 0.548093 0.103333 0.132222
0 0.354969 0.716972 0.107708 0.189500
1 0.163302 0.540185 0.111042 0.179630
0 0.737187 0.201419 0.034375 0.051235
0 0.783854 0.178701 0.032146 0.045302
0 0.719969 0.250806 0.037708 0.063093
0 0.665521 0.269565 0.039938 0.069019
0 0.801078 0.267593 0.048823 0.080852
0 0.648854 0.348583 0.051042 0.080870
0 0.747745 0.315000 0.046594 0.072963
0 0.409411 0.324870 0.045490 0.072963
0 0.714964 0.575741 0.092156 0.151963
0 0.915521 0.662657 0.122146 0.159870
1 0.963854 0.499694 0.074375 0.146056
0 0.978854 0.367343 0.044375 0.082833
