0 0.106521 0.583046 0.113042 0.165796
1 0.624411 0.171988 0.030594 0.055580
0 0.380411 0.709269 0.111927 0.207278
0 0.200521 0.785917 0.137479 0.220722
0 0.232297 0.399148 0.069927 0.094296
0 0.678521 0.179694 0.028146 0.044130
0 0.734854 0.185620 0.033271 0.051241
0 0.465630 0.367546 0.060594 0.114833
1 0.701635 0.239944 0.039708 0.075333
0 0.408302 0.306111 0.046375 0.074148
0 0.772188 0.389269 0.063938 0.085611
0 0.496521 0.263046 0.038812 0.065463
1 0.461297 0.203398 0.034594 0.065463
0 0.727411 0.585028 0.087260 0.129463
0 0.410302 0.189762 0.030375 0.046883
0 0.947078 0.631444 0.107927 0.164630
