0 0.611078 0.193713 0.031490 0.053204
0 0.718411 0.188975 0.031927 0.045309
0 0.655521 0.189373 0.030604 0.046106
1 0.623854 0.251796 0.040146 0.070593
0 0.763854 0.181071 0.032146 0.045302
1 0.268854 0.260083 0.057271 0.114833
0 0.656187 0.382944 0.053708 0.087185
0 0.415969 0.263843 0.041708 0.063093
0 0.757630 0.387889 0.062823 0.095481
0 0.836521 0.371296 0.067271 0.086000
1 0.317635 0.217620 0.047708 0.089167
0 0.889302 0.303546 0.060375 0.067426
0 0.698521 0.619991 0.098812 0.166981
0 0.422521 0.176534 0.026375 0.043339
