0 0.626297 0.172972 0.028594 0.044907
0 0.678740 0.179296 0.031708 0.048074
0 0.637297 0.226704 0.035490 0.054407
0 0.699297 0.226704 0.041260 0.059148
0 0.315521 0.679843 0.113708 0.191870
0 0.098410 0.461176 0.089264 0.111685
0 0.769078 0.229667 0.040823 0.060333
0 0.649854 0.307491 0.053479 0.076907
1 0.314854 0.314602 0.050604 0.092722
0 0.820187 0.213278 0.041708 0.055185
0 0.775302 0.328630 0.059042 0.088370
0 0.473969 0.295639 0.047042 0.072167
0 0.876406 0.545120 0.108375 0.174500
0 0.747073 0.682213 0.108375 0.177648
0 0.969078 0.512333 0.063927 0.119963
