0 0.677740 0.187593 0.031042 0.043333
0 0.639964 0.220185 0.033260 0.053222
0 0.126077 0.566852 0.109930 0.169741
0 0.722188 0.181667 0.028813 0.055185
0 0.708854 0.244880 0.039938 0.063093
0 0.651078 0.254759 0.039927 0.067037
0 0.311078 0.418704 0.066594 0.098630
0 0.462187 0.421667 0.059937 0.100630
0 0.142745 0.424630 0.085490 0.118407
0 0.787745 0.251796 0.039927 0.049259
1 0.783854 0.192531 0.036604 0.057161
0 0.660521 0.355491 0.052146 0.086796
0 0.820521 0.311056 0.056604 0.072963
1 0.498297 0.241917 0.038823 0.076907
0 0.465521 0.205373 0.028813 0.047291
0 0.812188 0.505620 0.088813 0.157907
1 0.415521 0.197466 0.028813 0.055180
