0 0.635521 0.227102 0.035479 0.051241
0 0.720521 0.264630 0.041042 0.063074
0 0.748297 0.210315 0.038823 0.049259
0 0.804964 0.188577 0.036594 0.061106
0 0.331078 0.476972 0.073260 0.116426
0 0.416078 0.552037 0.085490 0.136185
0 0.658854 0.315991 0.046604 0.074944
0 0.756630 0.350556 0.059927 0.084815
0 0.296073 0.322898 0.054375 0.076907
0 0.857745 0.254759 0.048823 0.055185
0 0.856078 0.414750 0.063260 0.094685
0 0.714411 0.565861 0.082156 0.128278
0 0.939964 0.809815 0.122156 0.213222
0 0.796078 0.962157 0.143260 0.079389
