0 0.631521 0.204778 0.035042 0.058741
0 0.726187 0.178108 0.030146 0.044117
0 0.384302 0.580676 0.085042 0.143685
2 0.169856 0.700380 0.173934 0.405204
0 0.050153 0.676676 0.098222 0.207685
0 0.132741 0.440231 0.081039 0.102981
0 0.283854 0.384333 0.067271 0.093889
0 0.292630 0.278852 0.045260 0.060704
0 0.671411 0.403296 0.057490 0.086000
0 0.799969 0.458213 0.079042 0.104167
0 0.870521 0.363194 0.057937 0.086389
0 0.722630 0.639343 0.093260 0.142500
0 0.466964 0.198062 0.031260 0.048469
0 0.960745 0.889815 0.080594 0.196222
