0 0.377411 0.633611 0.096156 0.161852
0 0.619740 0.188577 0.031042 0.046883
0 0.703521 0.210701 0.037271 0.064265
1 0.311078 0.465324 0.084823 0.143685
1 0.174406 0.356481 0.087042 0.154333
0 0.470630 0.356880 0.054156 0.100611
0 0.647740 0.293463 0.048375 0.071778
0 0.352302 0.267991 0.045042 0.061907
0 0.426078 0.273130 0.042823 0.065852
0 0.504740 0.242111 0.035708 0.057556
0 0.809630 0.221963 0.043260 0.054407
0 0.388854 0.225713 0.033271 0.050056
0 0.436969 0.228083 0.033042 0.050056
0 0.681187 0.459991 0.070375 0.121944
0 0.823187 0.499685 0.086375 0.133407
0 0.513521 0.190954 0.027938 0.045315
