0 0.210964 0.451491 0.080594 0.108130
0 0.333630 0.868685 0.131260 0.221111
1 0.115741 0.819148 0.188372 0.365407
0 0.628411 0.199046 0.032823 0.047278
0 0.733302 0.188778 0.031042 0.045704
0 0.690854 0.198852 0.029271 0.044519
0 0.336964 0.445370 0.074823 0.116407
0 0.409964 0.329222 0.046156 0.076926
0 0.462745 0.389861 0.060594 0.093907
0 0.663854 0.314213 0.047271 0.084019
1 0.735521 0.303148 0.054604 0.098259
0 0.818188 0.220981 0.039042 0.051630
1 0.696854 0.463741 0.079042 0.146037
0 0.516302 0.230065 0.035708 0.054796
0 0.459297 0.218009 0.030594 0.047278
0 0.889411 0.405472 0.074823 0.093500
1 0.422073 0.182065 0.030375 0.051241
