0 0.674411 0.175741 0.028823 0.043333
0 0.628854 0.176731 0.028813 0.045315
0 0.733297 0.184627 0.026594 0.045302
0 0.632188 0.225120 0.033271 0.051241
0 0.748297 0.212278 0.036594 0.049259
1 0.408854 0.489815 0.082146 0.165815
0 0.407740 0.318954 0.051042 0.076907
0 0.712188 0.270556 0.046604 0.082852
1 0.325521 0.318944 0.046604 0.096667
0 0.823854 0.316981 0.054375 0.072963
0 0.391078 0.244880 0.033260 0.051241
0 0.809411 0.452287 0.076594 0.106537
0 0.423854 0.190558 0.029937 0.041365
0 0.764969 0.720926 0.107708 0.169741
0 0.953297 0.880185 0.095490 0.243333
