0 0.192745 0.471046 0.084594 0.114833
0 0.224630 0.618407 0.107490 0.155926
0 0.603745 0.171794 0.028823 0.043339
0 0.656406 0.173565 0.027042 0.043722
0 0.719854 0.185025 0.033479 0.050839
0 0.622635 0.237370 0.037708 0.063889
0 0.748740 0.224926 0.039708 0.052407
0 0.680297 0.235991 0.037490 0.052426
1 0.642854 0.328231 0.055042 0.084426
0 0.807078 0.221370 0.037260 0.052407
1 0.329187 0.197077 0.044146 0.085217
0 0.693964 0.572380 0.083490 0.134204
0 0.451521 0.196086 0.029708 0.047680
0 0.865964 0.626704 0.107927 0.154333
0 0.951854 0.537222 0.098375 0.121556
1 0.362073 0.168827 0.038375 0.071383
