0 0.607411 0.178306 0.026823 0.043722
0 0.709411 0.175540 0.031260 0.042143
0 0.648964 0.174750 0.028156 0.041352
1 0.617635 0.229472 0.038375 0.063870
0 0.751630 0.168831 0.030823 0.042154
1 0.234187 0.294259 0.069271 0.128667
0 0.645854 0.335343 0.050375 0.074944
0 0.395521 0.302750 0.044375 0.066648
0 0.732521 0.337907 0.055271 0.080074
0 0.809745 0.330204 0.059490 0.081259
1 0.294521 0.239343 0.056604 0.099426
0 0.858969 0.274509 0.051708 0.063870
0 0.678411 0.513324 0.079927 0.136167
0 0.412745 0.187003 0.029927 0.043735
0 0.375302 0.181077 0.029708 0.041365
