0 0.646521 0.204577 0.029479 0.048069
0 0.696521 0.223343 0.030812 0.047685
0 0.636188 0.237769 0.034146 0.054389
0 0.750411 0.210704 0.035490 0.049259
0 0.662521 0.322704 0.043708 0.067815
0 0.457411 0.390852 0.061490 0.090333
0 0.803406 0.286361 0.045042 0.056759
0 0.771854 0.370111 0.059708 0.081259
0 0.862854 0.268583 0.049271 0.059130
0 0.431521 0.250796 0.035937 0.057556
0 0.885188 0.379000 0.068604 0.080852
0 0.738521 0.629667 0.084146 0.150778
1 0.933521 0.691102 0.104375 0.207278
0 0.956078 0.359639 0.062823 0.072167
1 0.385078 0.177719 0.032823 0.057561
