0 0.679854 0.189373 0.031708 0.048476
0 0.730635 0.195497 0.031042 0.045709
0 0.632188 0.245667 0.036375 0.056778
0 0.715630 0.275694 0.045490 0.073352
0 0.649297 0.322898 0.050594 0.086389
0 0.292073 0.283593 0.049042 0.067037
0 0.478969 0.301370 0.045042 0.070185
1 0.361187 0.271741 0.047708 0.081259
0 0.809854 0.305907 0.053042 0.072963
0 0.858854 0.254750 0.043479 0.059130
0 0.810745 0.430167 0.071260 0.102593
0 0.717854 0.488435 0.071708 0.117204
0 0.942187 0.460389 0.087042 0.127481
0 0.740411 0.765963 0.126156 0.210852
0 0.911297 0.686954 0.120823 0.162648
0 0.471854 0.192731 0.028146 0.041759
