0 0.223411 0.430750 0.072156 0.100611
0 0.269078 0.537028 0.088823 0.129056
0 0.692854 0.165667 0.028375 0.039778
0 0.605745 0.181669 0.030156 0.047291
0 0.660854 0.180676 0.027938 0.043722
0 0.726521 0.194898 0.035271 0.053204
0 0.625745 0.249222 0.038594 0.063889
0 0.756521 0.237167 0.040146 0.051630
0 0.685854 0.250602 0.039708 0.054796
1 0.648411 0.353130 0.058156 0.093111
0 0.820635 0.234806 0.040375 0.055574
1 0.341187 0.187988 0.042375 0.078098
0 0.708406 0.645472 0.093708 0.149204
0 0.457740 0.183836 0.027042 0.046883
0 0.910406 0.723889 0.133708 0.181222
0 0.969630 0.599648 0.062823 0.135778
1 0.371188 0.162905 0.037042 0.070598
