0 0.045375 0.542556 0.088667 0.140926
0 0.113519 0.850111 0.158149 0.278000
0 0.715964 0.232231 0.038156 0.059130
0 0.654630 0.230852 0.039490 0.059519
0 0.750188 0.287537 0.051479 0.074148
0 0.461854 0.435102 0.069937 0.114056
1 0.803740 0.250019 0.041708 0.074148
0 0.691297 0.396185 0.062156 0.095481
0 0.846078 0.230056 0.041927 0.061111
0 0.438078 0.268778 0.046823 0.068222
0 0.364187 0.270944 0.043042 0.062296
0 0.394521 0.231843 0.035708 0.058352
0 0.354964 0.203398 0.032594 0.048870
0 0.759964 0.630454 0.098156 0.157907
0 0.934969 0.454463 0.093042 0.110889
0 0.970521 0.861769 0.061042 0.182796
