0 0.689964 0.184238 0.030156 0.049265
0 0.135741 0.437463 0.084372 0.113259
0 0.636854 0.187000 0.029271 0.049259
0 0.272630 0.572583 0.099927 0.188315
0 0.745411 0.189963 0.036156 0.045704
0 0.731406 0.267389 0.043708 0.064667
0 0.665302 0.273315 0.047042 0.071778
0 0.778521 0.338898 0.060604 0.080463
0 0.492188 0.335148 0.051937 0.084815
1 0.836187 0.290704 0.050146 0.088370
0 0.714302 0.490806 0.078375 0.118796
0 0.884078 0.267194 0.051260 0.066648
0 0.456745 0.231046 0.036594 0.058352
0 0.394630 0.228685 0.034156 0.052815
0 0.419635 0.197669 0.030375 0.046106
0 0.378745 0.182460 0.029927 0.043339
0 0.820187 0.840630 0.136375 0.204519
