0 0.624635 0.218602 0.032375 0.050056
0 0.690302 0.216630 0.037042 0.053222
0 0.743854 0.193917 0.030375 0.046500
0 0.645188 0.274111 0.039271 0.061519
0 0.378521 0.395787 0.062812 0.092315
0 0.725740 0.290704 0.049708 0.073370
0 0.382630 0.250407 0.037260 0.056778
0 0.802854 0.204386 0.033708 0.049265
0 0.305969 0.265815 0.043042 0.063074
0 0.501406 0.268185 0.037042 0.060704
0 0.407302 0.205769 0.032375 0.048870
0 0.516630 0.216630 0.031490 0.048481
1 0.458188 0.207343 0.040375 0.087574
0 0.848740 0.301565 0.057042 0.076130
0 0.364521 0.198849 0.030375 0.047672
0 0.708521 0.561713 0.085479 0.137352
0 0.918854 0.432139 0.080812 0.096278
0 0.975854 0.560333 0.050375 0.120370
