0 0.620854 0.196880 0.028375 0.045315
0 0.683630 0.198259 0.033490 0.050444
0 0.733969 0.178898 0.028375 0.047278
0 0.639302 0.246454 0.036375 0.056759
0 0.346297 0.460778 0.077490 0.110889
0 0.713297 0.255935 0.042594 0.067833
0 0.367302 0.265620 0.041708 0.059537
0 0.786297 0.185028 0.032156 0.047685
0 0.282854 0.289722 0.051042 0.072963
0 0.493521 0.293269 0.040375 0.066648
0 0.398187 0.216435 0.035937 0.054389
0 0.513188 0.233620 0.034375 0.054796
1 0.448964 0.219787 0.040594 0.093500
0 0.818635 0.261463 0.051042 0.067037
0 0.349854 0.210306 0.034813 0.053204
0 0.687964 0.469861 0.074156 0.116426
0 0.880964 0.381370 0.068594 0.090333
0 0.932854 0.475787 0.080812 0.104574
0 0.469078 0.193120 0.025260 0.044907
0 0.975630 0.379991 0.050823 0.079685
