0 0.632411 0.200429 0.033260 0.063476
1 0.212188 0.681815 0.119042 0.244815
0 0.650078 0.254361 0.037927 0.059130
0 0.709964 0.245269 0.039927 0.063093
1 0.771297 0.228481 0.034156 0.068222
1 0.477078 0.345028 0.045260 0.104574
1 0.260969 0.311056 0.045042 0.091926
0 0.757302 0.347593 0.057708 0.086000
0 0.827745 0.231833 0.043927 0.057556
0 0.804187 0.191345 0.038604 0.050050
1 0.719187 0.518259 0.104146 0.221111
0 0.827630 0.487639 0.080594 0.126685
0 0.876188 0.348583 0.066146 0.084019
0 0.440073 0.245472 0.037042 0.062685
0 0.508073 0.247639 0.037042 0.055981
0 0.387854 0.234806 0.036146 0.054796
