0 0.165745 0.736537 0.134156 0.208074
0 0.336302 0.268380 0.043708 0.060315
0 0.397411 0.288130 0.044594 0.063481
0 0.610406 0.176531 0.028375 0.044124
0 0.724745 0.207942 0.037927 0.051635
1 0.787740 0.191148 0.039042 0.057556
0 0.617964 0.232241 0.036823 0.055185
0 0.696964 0.250407 0.040156 0.058333
0 0.779411 0.259889 0.048156 0.071778
0 0.656411 0.367935 0.055927 0.090352
0 0.830406 0.334954 0.064375 0.080463
0 0.756745 0.402509 0.065490 0.089944
1 0.717297 0.662259 0.111490 0.189889
0 0.944964 0.359444 0.069927 0.085222
