0 0.626078 0.175738 0.025490 0.039376
1 0.686635 0.184632 0.031042 0.053217
0 0.041597 0.733769 0.081111 0.207278
0 0.646630 0.223333 0.033260 0.047667
0 0.771073 0.174756 0.031042 0.037413
1 0.381078 0.635000 0.082156 0.211222
0 0.307188 0.526361 0.089938 0.140130
0 0.723302 0.251787 0.037708 0.065056
0 0.651078 0.293269 0.046594 0.069019
0 0.779969 0.247833 0.037708 0.049259
1 0.402188 0.315981 0.046604 0.114444
0 0.686078 0.407833 0.058823 0.096667
0 0.777187 0.395981 0.065479 0.120370
1 0.865521 0.357472 0.064375 0.098648
1 0.513297 0.220185 0.028823 0.061111
1 0.359964 0.202410 0.028823 0.065069
0 0.916073 0.700185 0.121042 0.183593
0 0.966630 0.375241 0.068823 0.090741
0 0.908854 0.299194 0.062146 0.080870
