1 0.637078 0.193120 0.039490 0.085204
0 0.690854 0.198058 0.033271 0.058735
0 0.326630 0.833917 0.134594 0.225056
0 0.210854 0.465324 0.095042 0.116019
0 0.741521 0.298806 0.052813 0.074537
0 0.391630 0.332778 0.058823 0.129074
0 0.352406 0.271148 0.044375 0.064259
0 0.486302 0.298796 0.042375 0.068222
0 0.838964 0.314602 0.053927 0.069019
0 0.707411 0.501074 0.081490 0.127481
0 0.897964 0.278259 0.050594 0.076111
0 0.442630 0.237167 0.035927 0.063481
0 0.847187 0.471639 0.082375 0.112870
0 0.347630 0.211500 0.036594 0.051630
