0 0.633969 0.205368 0.028375 0.046487
1 0.703187 0.220185 0.032146 0.068222
0 0.216740 0.467093 0.074375 0.110889
0 0.662073 0.283194 0.041042 0.068611
0 0.792740 0.211694 0.035708 0.053611
1 0.457297 0.391639 0.051490 0.125907
0 0.391411 0.354907 0.057490 0.084815
0 0.760969 0.331593 0.054375 0.084815
0 0.670406 0.394009 0.060375 0.095870
0 0.826745 0.315796 0.050823 0.070593
1 0.442297 0.237167 0.034823 0.077704
0 0.725635 0.602796 0.085042 0.140519
0 0.868078 0.592130 0.112156 0.171333
1 0.963297 0.502852 0.075490 0.144481
1 0.524188 0.179692 0.021708 0.054394
1 0.391073 0.169222 0.024375 0.051630
