0 0.228521 0.453667 0.076146 0.104556
0 0.375188 0.693667 0.104146 0.192667
0 0.322188 0.317963 0.051042 0.067037
0 0.456635 0.437472 0.060375 0.102204
1 0.342740 0.417519 0.085042 0.190296
0 0.205740 0.360037 0.061708 0.087963
0 0.640297 0.249620 0.039260 0.059130
0 0.769964 0.232037 0.038156 0.054778
0 0.737740 0.257713 0.039042 0.057167
0 0.410635 0.297620 0.048375 0.074537
0 0.809854 0.207343 0.036604 0.049648
0 0.451187 0.239935 0.035708 0.052426
0 0.500854 0.259491 0.040813 0.059130
0 0.702078 0.456833 0.072156 0.106148
1 0.820964 0.466306 0.088594 0.157500
0 0.900745 0.302167 0.057490 0.071778
1 0.809630 0.852676 0.164594 0.261019
0 0.529411 0.175540 0.028594 0.042143
0 0.481854 0.171787 0.025479 0.040167
