0 0.684521 0.191744 0.026812 0.038994
0 0.631740 0.202806 0.029708 0.045315
0 0.733297 0.182262 0.031490 0.038994
0 0.651297 0.268380 0.038156 0.066648
0 0.412635 0.529130 0.083042 0.141704
0 0.774073 0.236972 0.039708 0.051241
0 0.741854 0.299991 0.047708 0.072167
0 0.827521 0.225722 0.043479 0.056370
0 0.390964 0.304139 0.049927 0.070981
0 0.834187 0.303741 0.058146 0.067815
0 0.699745 0.451685 0.062156 0.101407
1 0.837297 0.487046 0.071490 0.149204
0 0.897635 0.293463 0.053042 0.064667
1 0.354411 0.205568 0.039490 0.069013
0 0.915411 0.437074 0.081490 0.119593
0 0.465187 0.197269 0.027708 0.041352
