0 0.631635 0.190556 0.027708 0.049259
1 0.695521 0.203392 0.031042 0.055180
0 0.168297 0.534259 0.092156 0.128259
0 0.655521 0.257722 0.037708 0.061111
0 0.784406 0.197469 0.037708 0.059135
1 0.437745 0.446352 0.055490 0.138148
0 0.367188 0.397963 0.063271 0.092704
0 0.744969 0.296231 0.047708 0.070981
0 0.662188 0.352537 0.053271 0.084815
0 0.807740 0.289315 0.044375 0.061111
1 0.429406 0.258704 0.034375 0.082852
0 0.709411 0.516481 0.072156 0.112481
0 0.828297 0.505620 0.089927 0.153944
1 0.928854 0.444389 0.077708 0.126296
1 0.520521 0.190556 0.023271 0.061111
1 0.381635 0.176731 0.027708 0.045315
0 0.969411 0.360435 0.063260 0.080870
