0 0.049264 0.737722 0.096445 0.193852
0 0.620078 0.172382 0.027260 0.045309
0 0.421187 0.513917 0.078812 0.131833
1 0.318406 0.446750 0.095042 0.206093
1 0.336521 0.287935 0.042375 0.080463
1 0.383188 0.346602 0.055271 0.105352
0 0.487745 0.306306 0.044823 0.076130
0 0.410740 0.282806 0.042375 0.065463
0 0.395297 0.216824 0.035927 0.056759
0 0.339406 0.212287 0.035708 0.064278
1 0.701964 0.511343 0.083927 0.181204
0 0.515964 0.210312 0.033260 0.054006
0 0.462297 0.213074 0.033490 0.051630
0 0.417406 0.178111 0.027708 0.038593
