0 0.686630 0.180679 0.026594 0.045309
0 0.632740 0.201423 0.034375 0.067043
0 0.733297 0.178706 0.026594 0.041365
1 0.223297 0.662657 0.115490 0.234944
0 0.651073 0.256731 0.037708 0.059130
0 0.711078 0.248824 0.039927 0.063093
1 0.772740 0.230065 0.034375 0.069019
1 0.478854 0.340676 0.044375 0.100611
1 0.264964 0.306111 0.043260 0.090741
0 0.759411 0.351546 0.058823 0.086796
0 0.829969 0.233028 0.044375 0.059130
0 0.804964 0.192534 0.038823 0.049265
1 0.721630 0.527343 0.105490 0.225056
0 0.831078 0.494750 0.082156 0.128278
0 0.879964 0.352537 0.066594 0.084815
0 0.441630 0.242898 0.036594 0.063093
0 0.508854 0.244870 0.037708 0.055185
0 0.389964 0.233019 0.035490 0.055185
