0 0.622854 0.191744 0.025708 0.046106
0 0.103521 0.635787 0.115042 0.152759
0 0.215854 0.387296 0.068604 0.084815
0 0.380964 0.773667 0.113490 0.207296
1 0.337969 0.466704 0.065708 0.136963
0 0.780854 0.195296 0.031479 0.042148
0 0.752630 0.226704 0.038594 0.055185
0 0.653521 0.277074 0.034146 0.061111
0 0.457521 0.447741 0.059479 0.101407
0 0.729078 0.294852 0.045260 0.068222
0 0.811297 0.229074 0.034156 0.047296
0 0.479969 0.298213 0.047042 0.082056
0 0.807964 0.468481 0.075927 0.110481
0 0.372411 0.227093 0.031927 0.048074
0 0.703964 0.548287 0.078156 0.124722
0 0.491187 0.203988 0.027708 0.050839
0 0.918521 0.341269 0.058813 0.078093
0 0.951745 0.506806 0.098594 0.112870
