0 0.141074 0.781176 0.144372 0.223093
0 0.332745 0.273519 0.045490 0.061111
0 0.393854 0.295250 0.045479 0.065056
0 0.609964 0.173762 0.026594 0.043328
0 0.722745 0.204386 0.036594 0.049265
1 0.784406 0.187593 0.037708 0.055185
0 0.617745 0.227102 0.035490 0.051241
0 0.694964 0.246852 0.038823 0.059148
0 0.776073 0.254750 0.047708 0.070981
0 0.654411 0.358454 0.055490 0.088759
0 0.825521 0.327833 0.064375 0.078889
0 0.751630 0.389074 0.063260 0.086778
1 0.711073 0.631056 0.104375 0.179630
0 0.936078 0.349565 0.069927 0.082833
