0 0.290297 0.926806 0.143260 0.150093
1 0.114077 0.814806 0.197930 0.374093
1 0.253745 0.395000 0.060823 0.107333
1 0.276406 0.544333 0.087042 0.174481
0 0.445521 0.458407 0.068812 0.116407
0 0.341745 0.412972 0.062156 0.095093
0 0.349969 0.274306 0.047042 0.074537
0 0.275964 0.278065 0.046594 0.082833
1 0.660854 0.319546 0.051479 0.105759
0 0.498630 0.277269 0.043490 0.070204
0 0.429630 0.281028 0.040594 0.066648
0 0.383073 0.218407 0.035042 0.055963
0 0.793521 0.419102 0.068375 0.097056
0 0.862521 0.365370 0.071271 0.088370
0 0.516740 0.197271 0.033042 0.061902
1 0.804411 0.667787 0.109260 0.228611
0 0.473964 0.174556 0.026594 0.045704
