0 0.070077 0.717370 0.113930 0.181593
1 0.635078 0.222954 0.029260 0.064278
0 0.697188 0.219389 0.036604 0.049259
0 0.739521 0.196676 0.033708 0.047278
1 0.288630 0.516481 0.114594 0.241259
0 0.710964 0.256926 0.040156 0.055593
0 0.779406 0.182655 0.031708 0.048469
0 0.782635 0.256333 0.040375 0.055963
0 0.657964 0.343046 0.051490 0.091130
0 0.476187 0.340880 0.051937 0.094685
0 0.413073 0.334944 0.048375 0.083630
0 0.329745 0.311833 0.051490 0.072963
0 0.435078 0.286954 0.042156 0.061907
0 0.397411 0.238556 0.033927 0.050444
0 0.370188 0.215046 0.033271 0.047685
0 0.842187 0.248630 0.040375 0.058741
0 0.521078 0.234213 0.032823 0.055981
1 0.476745 0.194114 0.025490 0.053217
0 0.952854 0.355889 0.067479 0.082037
0 0.943073 0.460972 0.089708 0.115241
0 0.789411 0.829370 0.124594 0.195444
0 0.525745 0.192926 0.027490 0.042148
0 0.378740 0.663639 0.107708 0.195833
