0 0.631964 0.193321 0.028823 0.046098
0 0.690188 0.209120 0.033271 0.050833
0 0.639521 0.215444 0.032375 0.057963
0 0.187187 0.662852 0.119708 0.172926
0 0.393635 0.663046 0.099708 0.185167
0 0.757969 0.219194 0.033708 0.044907
0 0.644073 0.285167 0.042375 0.067037
0 0.781411 0.262065 0.045490 0.067426
1 0.471521 0.320139 0.053271 0.097463
0 0.445188 0.249028 0.037042 0.057944
0 0.753073 0.366954 0.059042 0.111278
1 0.385745 0.246056 0.034594 0.071778
0 0.909073 0.436685 0.080375 0.096667
0 0.423297 0.201614 0.026594 0.042143
0 0.943521 0.766556 0.115042 0.181222
