0 0.121301 0.832333 0.171045 0.236926
0 0.354187 0.769315 0.133271 0.253111
0 0.664964 0.304333 0.050823 0.076111
0 0.228969 0.294454 0.058375 0.073759
0 0.766297 0.358056 0.060156 0.096667
0 0.876969 0.218389 0.050375 0.056741
0 0.345630 0.240333 0.049927 0.069000
1 0.888630 0.336731 0.080823 0.130648
0 0.710740 0.523593 0.087708 0.159074
0 0.852964 0.259685 0.057490 0.070593
1 0.440964 0.174355 0.045490 0.106143
0 0.963188 0.524778 0.075708 0.139333
0 0.502964 0.200824 0.034823 0.053204
0 0.383188 0.164873 0.036146 0.063476
0 0.469302 0.335148 0.052375 0.103778
