0 0.614964 0.186605 0.029927 0.045309
0 0.663854 0.178704 0.032146 0.049259
0 0.718854 0.190558 0.035479 0.053217
1 0.023819 0.519444 0.045555 0.221111
0 0.752188 0.159938 0.031042 0.039383
0 0.624406 0.236972 0.037708 0.063093
0 0.335521 0.281417 0.046604 0.065056
0 0.261078 0.300185 0.048823 0.071000
0 0.802745 0.258704 0.045490 0.063074
0 0.739411 0.346602 0.052156 0.076907
0 0.423854 0.234009 0.043271 0.069019
0 0.493854 0.225130 0.034375 0.055185
0 0.447745 0.192528 0.035490 0.053204
0 0.406635 0.177719 0.031042 0.043339
0 0.732745 0.830556 0.116594 0.211222
