0 0.627745 0.186602 0.026594 0.041352
0 0.695521 0.209321 0.035479 0.059135
0 0.637740 0.214259 0.024375 0.041370
0 0.438297 0.491796 0.069927 0.114444
0 0.660521 0.259685 0.041042 0.061111
0 0.757188 0.210306 0.034375 0.041352
0 0.723297 0.278454 0.042156 0.063093
0 0.655521 0.314019 0.044375 0.067037
0 0.799964 0.265620 0.039927 0.057167
0 0.828854 0.220185 0.035479 0.045296
0 0.702188 0.481917 0.068812 0.122352
0 0.496078 0.260676 0.036594 0.059130
0 0.881630 0.395991 0.072156 0.088759
0 0.876078 0.573769 0.103260 0.140130
0 0.961078 0.358463 0.079927 0.084815
0 0.476078 0.181664 0.025490 0.039376
