0 0.636630 0.196479 0.028823 0.045302
0 0.733297 0.183645 0.028823 0.043339
0 0.700521 0.216231 0.034375 0.045315
0 0.205521 0.582657 0.111042 0.146056
0 0.771078 0.216231 0.039927 0.053204
0 0.661635 0.294259 0.041042 0.067037
1 0.746635 0.299194 0.044375 0.080870
0 0.817187 0.211296 0.038812 0.047296
1 0.246078 0.308083 0.069927 0.110500
0 0.800521 0.272528 0.054375 0.070981
0 0.423297 0.268583 0.039927 0.063093
0 0.890521 0.280435 0.047708 0.063093
0 0.718854 0.538204 0.079937 0.120370
1 0.901078 0.634019 0.119927 0.197407
0 0.421078 0.189568 0.028823 0.039383
