0 0.689411 0.181667 0.029927 0.043333
0 0.632745 0.213269 0.032156 0.047278
0 0.738302 0.185620 0.027708 0.039389
1 0.262740 0.582648 0.094375 0.197407
0 0.651635 0.270556 0.034375 0.063074
0 0.714964 0.255741 0.043260 0.061111
1 0.780521 0.244870 0.043271 0.067037
1 0.483854 0.321917 0.041042 0.098648
1 0.281078 0.289324 0.042156 0.088759
0 0.767740 0.373269 0.057708 0.098648
0 0.841630 0.248833 0.045490 0.055185
0 0.814411 0.204380 0.039927 0.053204
1 0.737187 0.584630 0.121042 0.264556
0 0.856635 0.542167 0.091042 0.144074
0 0.898297 0.380185 0.072156 0.092704
0 0.448297 0.229074 0.036594 0.051222
0 0.513854 0.231056 0.038812 0.055185
0 0.397188 0.218204 0.032146 0.049259
