0 0.180297 0.528139 0.091260 0.127870
1 0.028819 0.548083 0.055555 0.162241
0 0.220745 0.638750 0.118823 0.198204
0 0.626969 0.197667 0.029042 0.046889
0 0.460078 0.387102 0.057927 0.096278
1 0.375964 0.339500 0.067927 0.155926
1 0.371078 0.244481 0.037260 0.065444
1 0.422635 0.281028 0.039042 0.081648
0 0.504411 0.252583 0.037260 0.061907
0 0.440630 0.233620 0.032823 0.052426
0 0.417297 0.190553 0.031927 0.050043
0 0.367521 0.184435 0.031042 0.053611
1 0.769745 0.796778 0.148823 0.293815
0 0.522521 0.182849 0.029042 0.046487
0 0.476073 0.180676 0.026375 0.043722
