0 0.701187 0.206954 0.039271 0.058352
0 0.187187 0.713815 0.149479 0.275630
0 0.230187 0.432333 0.077271 0.099037
0 0.414964 0.522602 0.078823 0.119981
0 0.767745 0.216037 0.036823 0.049667
0 0.659073 0.294259 0.044375 0.069407
0 0.819745 0.202997 0.034594 0.051228
0 0.360854 0.386704 0.067479 0.097074
0 0.747740 0.275093 0.041708 0.065852
0 0.245302 0.313222 0.061708 0.071000
1 0.494188 0.258315 0.042604 0.086000
0 0.434964 0.247639 0.040594 0.068611
1 0.750854 0.623741 0.105708 0.214778
0 0.352188 0.196484 0.034604 0.043735
1 0.420745 0.178905 0.032156 0.055191
