0 0.309745 0.897907 0.130594 0.173704
0 0.649411 0.214259 0.030823 0.052407
0 0.700854 0.230657 0.031938 0.048870
0 0.639188 0.252389 0.035271 0.059926
0 0.757406 0.218611 0.035708 0.049259
0 0.789078 0.186799 0.031490 0.040957
0 0.667302 0.340278 0.047042 0.070593
0 0.465187 0.364583 0.054813 0.080463
0 0.812521 0.300972 0.051708 0.061500
0 0.784073 0.392426 0.063708 0.091926
0 0.874745 0.281620 0.055260 0.065463
0 0.441297 0.235398 0.037260 0.051241
0 0.902073 0.404481 0.074375 0.089963
0 0.755854 0.702157 0.096146 0.173315
1 0.954630 0.776833 0.092823 0.246000
0 0.971521 0.383148 0.059042 0.072556
