0 0.633854 0.190756 0.027271 0.045709
1 0.694854 0.192725 0.024813 0.059920
0 0.730187 0.177914 0.030146 0.048469
0 0.291854 0.501472 0.079271 0.135389
0 0.795745 0.185812 0.029260 0.045302
0 0.653630 0.282407 0.042823 0.068630
1 0.744521 0.306509 0.051271 0.091537
0 0.345187 0.286750 0.039271 0.067833
0 0.701630 0.427204 0.064156 0.091926
0 0.850078 0.294056 0.052594 0.077704
1 0.503740 0.238556 0.031042 0.073370
0 0.452740 0.229269 0.031708 0.052426
0 0.884187 0.579102 0.105271 0.153167
0 0.748188 0.753907 0.117708 0.203333
0 0.962297 0.508778 0.077490 0.125519
