0 0.182188 0.482500 0.090146 0.120370
0 0.303854 0.941815 0.130812 0.120074
1 0.073818 0.872083 0.145552 0.259537
0 0.627078 0.192729 0.031927 0.044913
0 0.728406 0.181469 0.029708 0.043728
0 0.686188 0.189966 0.028813 0.042550
0 0.316411 0.481130 0.082594 0.131037
0 0.400630 0.347991 0.050594 0.079685
0 0.453406 0.418704 0.065042 0.098630
0 0.659297 0.298806 0.046156 0.078500
1 0.727187 0.285759 0.049937 0.096667
0 0.809073 0.214454 0.037708 0.054389
1 0.688297 0.427593 0.070823 0.131444
0 0.512964 0.240528 0.036594 0.056759
0 0.454740 0.225324 0.031708 0.048463
0 0.871078 0.379981 0.071490 0.093111
1 0.417078 0.187790 0.031490 0.054791
0 0.785635 0.907444 0.145042 0.188815
1 0.946521 0.774648 0.109042 0.251926
