0 0.619740 0.170012 0.028375 0.040569
0 0.110074 0.599444 0.118372 0.156704
0 0.250188 0.639741 0.113708 0.165407
0 0.446521 0.485472 0.074812 0.116019
0 0.231964 0.440833 0.074594 0.102593
0 0.324188 0.457611 0.070146 0.110889
0 0.634964 0.225315 0.035260 0.058741
0 0.710078 0.250602 0.041927 0.069796
0 0.476745 0.321917 0.043260 0.067833
0 0.673964 0.389861 0.060823 0.117611
0 0.814187 0.297222 0.048375 0.073741
0 0.485630 0.250019 0.034823 0.062296
2 0.421630 0.249417 0.047260 0.116426
0 0.363521 0.244287 0.040375 0.059537
0 0.900969 0.305917 0.057042 0.069796
0 0.360188 0.192139 0.028375 0.045315
0 0.424745 0.182256 0.029927 0.040561
