0 0.646188 0.199836 0.031042 0.048069
1 0.717854 0.220778 0.034813 0.068630
1 0.654964 0.269963 0.044594 0.086407
0 0.777188 0.213271 0.042375 0.058346
0 0.757078 0.277269 0.047490 0.075722
0 0.348854 0.425611 0.068812 0.110889
0 0.793521 0.169419 0.032375 0.044124
0 0.468635 0.368528 0.057708 0.093907
0 0.362745 0.260083 0.045490 0.069019
1 0.704411 0.421278 0.071927 0.139333
0 0.851073 0.214657 0.041708 0.052426
0 0.428411 0.283000 0.047490 0.077704
0 0.859854 0.320528 0.059271 0.078500
0 0.857521 0.481120 0.090146 0.112870
0 0.519969 0.177716 0.032375 0.055976
0 0.470302 0.181074 0.031708 0.058741
