0 0.101741 0.897120 0.156372 0.180019
0 0.309406 0.338704 0.057042 0.072963
0 0.723187 0.199444 0.031708 0.048074
0 0.133853 0.637370 0.124149 0.167000
0 0.751521 0.309472 0.048813 0.079278
0 0.477078 0.318954 0.051927 0.081648
0 0.417302 0.271546 0.044375 0.064278
0 0.315078 0.231648 0.043927 0.070593
0 0.706854 0.488037 0.085271 0.159889
0 0.505302 0.218611 0.035042 0.058741
0 0.436302 0.212086 0.035708 0.065457
0 0.909630 0.302954 0.060594 0.073352
0 0.943406 0.452083 0.078375 0.109315
0 0.921078 0.674306 0.106156 0.172907
0 0.389297 0.201219 0.032823 0.052413
0 0.504630 0.177321 0.032823 0.056765
