0 0.062932 0.637769 0.123781 0.185944
1 0.232635 0.600231 0.107042 0.219130
0 0.646188 0.195688 0.031479 0.063476
0 0.295078 0.829963 0.160823 0.269296
0 0.138967 0.395787 0.082378 0.096278
0 0.788521 0.213469 0.040604 0.060320
1 0.667188 0.339093 0.059708 0.118000
0 0.294521 0.277667 0.050375 0.077296
0 0.875964 0.305315 0.063927 0.081259
0 0.371297 0.225907 0.040823 0.064667
0 0.901078 0.244676 0.051927 0.069796
0 0.489297 0.240130 0.047927 0.083630
0 0.726411 0.551250 0.102156 0.155130
0 0.448188 0.196083 0.038604 0.053204
0 0.863521 0.507398 0.092812 0.129056
