0 0.623188 0.185620 0.029937 0.046500
0 0.718854 0.183049 0.028813 0.042939
0 0.695411 0.215241 0.032156 0.050444
0 0.652302 0.228481 0.034375 0.050037
0 0.764411 0.224731 0.038594 0.059130
0 0.637411 0.282019 0.041927 0.064667
0 0.714964 0.252778 0.038823 0.057556
0 0.343411 0.479352 0.072156 0.110889
0 0.679297 0.407843 0.059490 0.098241
0 0.816411 0.464926 0.078156 0.105741
1 0.877188 0.381167 0.063708 0.112074
0 0.899411 0.291296 0.053927 0.070593
0 0.772969 0.707694 0.111708 0.168574
0 0.413406 0.198062 0.030375 0.053209
0 0.368630 0.202605 0.030156 0.046494
0 0.975188 0.406056 0.051708 0.090741
