1 0.074042 0.892380 0.146000 0.194241
1 0.190630 0.655741 0.112823 0.248778
1 0.128186 0.484880 0.118149 0.185944
0 0.366073 0.690704 0.113042 0.193074
1 0.662854 0.246852 0.043042 0.083630
0 0.439188 0.385315 0.060146 0.108519
0 0.773406 0.320333 0.057042 0.081259
0 0.844630 0.199840 0.039927 0.054394
0 0.399964 0.274704 0.053260 0.084815
0 0.701406 0.440426 0.077042 0.123926
0 0.497969 0.212083 0.039042 0.075722
1 0.929964 0.396185 0.073260 0.125519
0 0.955745 0.729222 0.090594 0.183185
0 0.386078 0.192725 0.037490 0.052809
