0 0.684297 0.187590 0.029927 0.048857
0 0.637964 0.206157 0.035490 0.061500
1 0.711521 0.225917 0.037708 0.063870
0 0.760188 0.204972 0.031938 0.040167
0 0.785406 0.183447 0.027708 0.041365
0 0.657635 0.297222 0.038375 0.063481
1 0.241745 0.422648 0.068823 0.135778
0 0.692521 0.433519 0.066812 0.111667
0 0.816745 0.279648 0.047260 0.059926
0 0.491411 0.286750 0.044156 0.066241
1 0.451521 0.210506 0.037708 0.085209
0 0.872964 0.495343 0.089927 0.112870
0 0.805411 0.683593 0.098823 0.178852
0 0.924188 0.319741 0.057271 0.069815
0 0.415302 0.201021 0.029708 0.043328
