0 0.623521 0.178312 0.027042 0.044524
0 0.693521 0.209519 0.030604 0.049259
0 0.716297 0.165272 0.029927 0.037407
0 0.106741 0.900333 0.157039 0.203037
0 0.642854 0.233611 0.037708 0.056370
0 0.714854 0.259296 0.043937 0.060333
0 0.157964 0.509370 0.091927 0.125111
0 0.796411 0.198454 0.035927 0.048463
0 0.786854 0.282796 0.044813 0.064667
0 0.667740 0.368333 0.056375 0.080074
0 0.799297 0.459000 0.082156 0.119185
0 0.702411 0.568231 0.087490 0.144870
0 0.368964 0.193910 0.032594 0.043328
0 0.510411 0.192336 0.030594 0.049661
1 0.422078 0.182655 0.032156 0.057950
0 0.958521 0.513713 0.085042 0.114833
0 0.976964 0.385120 0.048156 0.089167
