0 0.065599 0.678648 0.129115 0.168963
0 0.350635 0.418315 0.077708 0.140519
0 0.435635 0.486259 0.077042 0.164222
0 0.245745 0.328037 0.056823 0.061889
0 0.648078 0.217419 0.033927 0.066643
0 0.759411 0.189169 0.033490 0.043328
0 0.722740 0.231843 0.041042 0.052019
0 0.818854 0.196083 0.037708 0.041352
0 0.817302 0.273315 0.044375 0.059926
0 0.678297 0.358454 0.053927 0.085611
0 0.779854 0.360435 0.060604 0.088759
0 0.709411 0.533667 0.089490 0.146037
0 0.879630 0.348981 0.064594 0.077704
0 0.973630 0.349963 0.054823 0.086000
