0 0.688964 0.199840 0.034823 0.054394
1 0.741964 0.177127 0.031490 0.056376
0 0.655188 0.246463 0.037937 0.062296
0 0.321521 0.503444 0.090604 0.137741
0 0.170521 0.530907 0.096146 0.123926
0 0.263745 0.407444 0.070594 0.101407
0 0.255964 0.307694 0.054594 0.073352
0 0.682969 0.349574 0.051708 0.086000
0 0.800073 0.273713 0.051708 0.070204
0 0.798630 0.408630 0.067490 0.096667
0 0.687411 0.468880 0.065490 0.108130
0 0.373073 0.250806 0.043042 0.070981
0 0.922297 0.300583 0.061490 0.089167
0 0.925188 0.445769 0.084604 0.105352
0 0.754969 0.744630 0.115708 0.177667
0 0.940745 0.698602 0.120594 0.163833
0 0.475302 0.191343 0.029708 0.043722
0 0.378521 0.180284 0.028604 0.046098
