0 0.636630 0.167836 0.026594 0.043328
0 0.678854 0.169818 0.028813 0.047291
0 0.371635 0.559935 0.101042 0.195426
0 0.722187 0.254759 0.044375 0.067037
0 0.278854 0.292287 0.051042 0.074944
0 0.654411 0.272528 0.039927 0.070981
0 0.423297 0.303148 0.048823 0.088778
0 0.801630 0.197472 0.036594 0.051241
0 0.794964 0.265620 0.045490 0.065056
0 0.791078 0.406852 0.068823 0.094704
0 0.857745 0.237963 0.048823 0.065074
0 0.712188 0.459194 0.075479 0.104574
0 0.881630 0.569815 0.098823 0.136185
0 0.526630 0.212287 0.033260 0.057167
1 0.967745 0.474009 0.066594 0.130241
0 0.840521 0.957222 0.149938 0.089259
