0 0.633854 0.220583 0.033479 0.052426
0 0.717854 0.258704 0.038375 0.058333
0 0.744297 0.204979 0.037490 0.050450
0 0.800630 0.185021 0.037260 0.058735
0 0.318411 0.503046 0.079927 0.121167
0 0.406078 0.593519 0.089490 0.152778
0 0.656521 0.304139 0.045937 0.074944
0 0.750964 0.338704 0.057927 0.084815
0 0.286740 0.335935 0.057042 0.084019
0 0.850745 0.247648 0.046823 0.052815
0 0.847078 0.395194 0.059927 0.088759
0 0.709745 0.537417 0.078156 0.121167
0 0.929630 0.756481 0.142823 0.199000
0 0.785745 0.928380 0.146594 0.146944
