0 0.610521 0.192136 0.031271 0.053209
0 0.717521 0.187790 0.031479 0.045309
0 0.654964 0.187984 0.030823 0.045698
1 0.623297 0.249815 0.039490 0.069815
0 0.762745 0.179886 0.032156 0.045302
1 0.266078 0.262852 0.057490 0.115630
0 0.655302 0.377611 0.052375 0.086000
0 0.414078 0.266213 0.041927 0.063093
0 0.755188 0.381574 0.061937 0.093111
0 0.832969 0.367343 0.066375 0.084426
1 0.315745 0.219398 0.048823 0.087981
0 0.885740 0.299398 0.059042 0.066241
0 0.695630 0.606750 0.096594 0.163426
0 0.422078 0.178111 0.025927 0.043333
