1 0.602630 0.167046 0.027490 0.047278
0 0.620406 0.222759 0.033708 0.052815
0 0.213854 0.656722 0.115271 0.165407
0 0.678188 0.215648 0.035042 0.057556
0 0.736302 0.224333 0.038375 0.055185
1 0.125188 0.398944 0.105042 0.176074
0 0.775630 0.189565 0.036594 0.047278
0 0.633073 0.291102 0.045708 0.078093
0 0.364411 0.247843 0.039927 0.055574
0 0.306854 0.254352 0.040813 0.057556
0 0.846521 0.320130 0.057937 0.075333
0 0.786073 0.463741 0.073042 0.099444
0 0.443073 0.205370 0.033708 0.055185
0 0.500635 0.202012 0.029708 0.052420
0 0.461635 0.174954 0.030375 0.046500
