0 0.144074 0.537028 0.103705 0.152759
1 0.626964 0.179497 0.030823 0.058746
0 0.403635 0.630065 0.099708 0.176870
0 0.247078 0.687148 0.115490 0.186741
0 0.254854 0.373667 0.063479 0.089148
0 0.683745 0.192139 0.029260 0.047685
0 0.741521 0.194701 0.034146 0.051228
0 0.473854 0.343639 0.056604 0.106537
1 0.707187 0.255148 0.042813 0.080481
0 0.416854 0.287944 0.043479 0.067037
0 0.783745 0.417713 0.069260 0.095870
0 0.500635 0.250407 0.036375 0.063889
1 0.465740 0.193917 0.033708 0.060722
0 0.747073 0.663056 0.100375 0.148815
0 0.415297 0.184037 0.030594 0.043333
0 0.962521 0.712435 0.077042 0.180426
