1 0.632854 0.201620 0.033271 0.066648
0 0.384302 0.736722 0.118375 0.223481
0 0.312745 0.499694 0.074823 0.122352
0 0.741406 0.196682 0.035708 0.048080
1 0.291630 0.346407 0.060156 0.107333
0 0.646073 0.298611 0.045042 0.069407
1 0.710630 0.249019 0.043490 0.075333
1 0.426740 0.270361 0.038375 0.076907
1 0.394078 0.221963 0.032594 0.060704
0 0.349078 0.212880 0.033260 0.052019
0 0.840073 0.521426 0.090375 0.133407
0 0.465521 0.211889 0.031042 0.050037
0 0.429187 0.177713 0.025042 0.040167
0 0.965964 0.477963 0.070156 0.123926
1 0.386406 0.170605 0.025708 0.046494
