0 0.292521 0.533667 0.096604 0.193444
0 0.385078 0.672130 0.108823 0.246000
0 0.178297 0.403889 0.072156 0.085593
0 0.643630 0.196877 0.033927 0.057950
0 0.747740 0.176336 0.029708 0.043735
0 0.710406 0.211491 0.037708 0.053204
0 0.801521 0.177120 0.037708 0.043722
0 0.796854 0.249028 0.043042 0.057944
0 0.667073 0.315593 0.051042 0.082852
0 0.754521 0.316185 0.053042 0.084815
0 0.690073 0.444981 0.073042 0.115630
0 0.846406 0.306306 0.059042 0.073759
0 0.934521 0.303741 0.060604 0.081259
0 0.955411 0.477769 0.091260 0.114833
0 0.942411 0.717370 0.117260 0.190296
1 0.462635 0.186410 0.043042 0.092328
