0 0.131074 0.593519 0.104372 0.148037
0 0.156634 0.758454 0.144378 0.248759
0 0.623854 0.188583 0.027708 0.045315
0 0.446635 0.427593 0.064375 0.104556
1 0.357187 0.376231 0.076604 0.175685
1 0.359411 0.261667 0.038823 0.072963
1 0.409969 0.306111 0.044375 0.090741
0 0.498854 0.271546 0.039938 0.065056
0 0.430521 0.253769 0.036604 0.057167
0 0.408297 0.201423 0.032156 0.055191
0 0.357187 0.195497 0.029937 0.055191
1 0.734411 0.659685 0.115490 0.244815
0 0.519964 0.191544 0.028823 0.047283
0 0.471078 0.192528 0.026594 0.041352
0 0.427745 0.168824 0.026594 0.041352
