0 0.312188 0.908824 0.151042 0.186056
0 0.016597 0.787102 0.031111 0.128278
0 0.111077 0.880185 0.166597 0.243333
0 0.625521 0.179692 0.026604 0.047283
0 0.685521 0.199442 0.031042 0.051228
0 0.429964 0.501667 0.068823 0.122333
0 0.647188 0.276481 0.045479 0.082852
0 0.760521 0.227093 0.034375 0.055185
0 0.458854 0.347593 0.046604 0.074926
2 0.359964 0.368333 0.075490 0.187519
0 0.279411 0.359444 0.063260 0.098630
0 0.809969 0.219194 0.037708 0.051241
0 0.295521 0.265620 0.039938 0.057167
0 0.380521 0.247843 0.041042 0.053204
0 0.361630 0.202405 0.029927 0.045302
0 0.728854 0.683389 0.099937 0.161852
0 0.969964 0.918704 0.062156 0.166296
