0 0.200521 0.464537 0.087271 0.131037
0 0.057854 0.510157 0.089931 0.159870
1 0.630078 0.196287 0.034823 0.065463
0 0.431635 0.521620 0.081042 0.136167
0 0.304854 0.557769 0.087479 0.143685
0 0.287521 0.337917 0.053271 0.078500
0 0.692854 0.212676 0.032813 0.050833
0 0.754745 0.211500 0.037927 0.051630
0 0.484521 0.306898 0.048604 0.093907
1 0.716521 0.288333 0.048146 0.092333
0 0.431188 0.260083 0.037479 0.059537
0 0.807521 0.476574 0.078604 0.110889
0 0.506745 0.227889 0.033490 0.059926
1 0.471745 0.180679 0.030156 0.054791
0 0.792854 0.853463 0.137271 0.203333
