0 0.689964 0.201423 0.035490 0.055191
1 0.742745 0.178701 0.032156 0.057154
0 0.656078 0.248824 0.038823 0.063093
0 0.326630 0.493769 0.088823 0.134204
0 0.178854 0.519444 0.093271 0.118407
0 0.268854 0.400926 0.068812 0.098630
0 0.259406 0.305130 0.054375 0.072963
0 0.683854 0.353519 0.052146 0.086778
0 0.801630 0.276481 0.052156 0.071000
0 0.801078 0.413759 0.068823 0.096667
0 0.688854 0.475991 0.066604 0.110500
0 0.374964 0.248824 0.043260 0.070981
0 0.925521 0.304130 0.062146 0.090741
0 0.929411 0.452287 0.085490 0.106537
0 0.758297 0.760435 0.118823 0.181611
0 0.943297 0.711046 0.115490 0.165796
0 0.476078 0.189571 0.029927 0.043339
0 0.379964 0.179692 0.028823 0.047283
