1 0.637188 0.187197 0.025479 0.063087
1 0.193078 0.498111 0.086594 0.164222
0 0.095298 0.808630 0.154153 0.236111
0 0.304078 0.500676 0.084156 0.123537
0 0.443297 0.439241 0.074156 0.133407
1 0.192745 0.337917 0.070823 0.123537
0 0.654635 0.311833 0.049708 0.072963
0 0.496078 0.293870 0.040594 0.067037
0 0.407187 0.292481 0.048604 0.060333
0 0.854406 0.348380 0.059042 0.085204
0 0.851854 0.554407 0.097479 0.136963
2 0.938521 0.290704 0.075271 0.114444
0 0.472073 0.174558 0.031708 0.047291
0 0.785188 0.839843 0.130375 0.198204
