0 0.257187 0.970065 0.123271 0.063574
0 0.613297 0.157963 0.026594 0.039381
0 0.686073 0.175741 0.034375 0.055185
1 0.183302 0.694259 0.137708 0.242852
1 0.056599 0.477963 0.111115 0.217148
0 0.434969 0.473019 0.074375 0.144074
0 0.633854 0.230065 0.038812 0.057167
0 0.302745 0.326852 0.058823 0.076926
0 0.391078 0.339685 0.055490 0.078889
0 0.492188 0.291296 0.042146 0.069000
0 0.768297 0.174753 0.032156 0.045309
0 0.351630 0.267593 0.043260 0.061111
0 0.412187 0.274500 0.039938 0.067037
0 0.653297 0.337713 0.055490 0.086796
0 0.763854 0.373269 0.063271 0.098648
0 0.504964 0.217222 0.032156 0.051222
0 0.765521 0.783148 0.137708 0.266556
0 0.953297 0.487843 0.095490 0.110500
0 0.501630 0.177716 0.025490 0.039383
2 0.458297 0.171787 0.036594 0.094685
