0 0.632630 0.173370 0.027927 0.043333
0 0.099410 0.627296 0.124597 0.168185
0 0.650745 0.220380 0.035260 0.055981
0 0.234521 0.658500 0.117479 0.185556
1 0.729964 0.251000 0.039927 0.084037
1 0.665188 0.314407 0.055708 0.104185
0 0.800521 0.239343 0.048146 0.063093
0 0.776188 0.318759 0.055042 0.086000
0 0.395521 0.330213 0.055042 0.089944
0 0.820964 0.193127 0.036594 0.052820
0 0.489964 0.287352 0.045260 0.072963
0 0.387406 0.221574 0.038375 0.055185
1 0.734854 0.531694 0.091479 0.179241
0 0.890969 0.254157 0.051708 0.062685
0 0.451854 0.231843 0.042375 0.067833
0 0.903187 0.379194 0.072146 0.094685
0 0.936078 0.626500 0.129927 0.161852
