0 0.672964 0.176531 0.029490 0.048865
0 0.627630 0.202016 0.032594 0.054006
0 0.304521 0.872833 0.135271 0.229407
1 0.098630 0.632426 0.130594 0.216370
0 0.731187 0.198058 0.032604 0.049254
0 0.773969 0.174954 0.029708 0.044130
0 0.710521 0.237963 0.037042 0.056370
0 0.659969 0.254750 0.036375 0.056759
0 0.788740 0.254167 0.043708 0.070593
0 0.645188 0.327241 0.047708 0.075333
0 0.735521 0.292685 0.045271 0.069407
0 0.395630 0.365963 0.052156 0.087963
0 0.701411 0.514898 0.073490 0.140130
0 0.879078 0.587981 0.106594 0.139333
1 0.937740 0.456426 0.081708 0.129852
0 0.964964 0.343843 0.072156 0.076907
