0 0.244302 0.400130 0.066375 0.090741
0 0.294297 0.486454 0.077490 0.114833
0 0.696411 0.173169 0.031490 0.044513
0 0.606521 0.187590 0.030812 0.048857
0 0.665635 0.189568 0.030375 0.046494
0 0.731297 0.204386 0.035490 0.056376
0 0.626964 0.261074 0.040594 0.064667
0 0.763969 0.248426 0.041708 0.057556
0 0.692854 0.265417 0.041708 0.061500
1 0.654297 0.378806 0.063260 0.105759
0 0.832073 0.247241 0.043708 0.059926
1 0.347297 0.179494 0.039490 0.078494
0 0.723521 0.723491 0.104375 0.170944
0 0.461521 0.176136 0.026604 0.042543
0 0.940521 0.831546 0.121042 0.212426
