0 0.339188 0.803685 0.123708 0.227037
0 0.636854 0.221574 0.034604 0.064667
0 0.735297 0.185025 0.029260 0.043728
0 0.418854 0.471639 0.067479 0.116019
2 0.260745 0.534259 0.123260 0.295778
0 0.150186 0.519046 0.099482 0.143685
0 0.769411 0.173176 0.031260 0.040574
0 0.205302 0.355093 0.064375 0.083630
0 0.325745 0.321519 0.055927 0.074926
0 0.321630 0.243889 0.038823 0.052407
0 0.685406 0.461370 0.070375 0.097852
0 0.847521 0.553815 0.099937 0.136556
0 0.915854 0.418306 0.069937 0.101796
0 0.761297 0.813565 0.127490 0.197019
