1 0.290188 0.846361 0.151042 0.280759
0 0.228521 0.632824 0.117938 0.172130
0 0.642521 0.195102 0.033042 0.058352
0 0.804302 0.242704 0.050375 0.064259
0 0.671521 0.347398 0.061271 0.086389
0 0.327854 0.271741 0.056146 0.086000
0 0.435854 0.236972 0.044146 0.060722
0 0.492964 0.238750 0.044594 0.064278
0 0.866630 0.564481 0.102594 0.150000
0 0.750854 0.649028 0.110604 0.180019
0 0.965297 0.474009 0.071490 0.116019
0 0.954630 0.323296 0.067490 0.084815
0 0.811521 0.957222 0.145708 0.089259
1 0.438187 0.168632 0.035479 0.063883
1 0.348187 0.161719 0.036813 0.063487
0 0.404740 0.165667 0.034375 0.046889
