0 0.638854 0.172775 0.028813 0.045302
0 0.696630 0.194503 0.033260 0.049254
0 0.634406 0.215250 0.031042 0.051241
0 0.753854 0.197472 0.034375 0.051241
0 0.651635 0.272537 0.041042 0.067037
0 0.733302 0.261667 0.044375 0.069000
0 0.341078 0.456231 0.073260 0.110500
0 0.113301 0.450306 0.077711 0.118389
0 0.338854 0.304139 0.053271 0.074944
0 0.465521 0.398944 0.062146 0.102593
0 0.813854 0.201419 0.036604 0.051235
0 0.683854 0.366361 0.052146 0.076907
0 0.261073 0.295250 0.051042 0.069019
0 0.424411 0.279444 0.046594 0.069000
1 0.818854 0.437472 0.071042 0.128278
1 0.745521 0.651787 0.113271 0.201352
0 0.929406 0.421667 0.087708 0.104556
0 0.938297 0.668583 0.125490 0.171722
0 0.472745 0.186602 0.029927 0.053204
0 0.979411 0.370306 0.043260 0.080870
