0 0.674302 0.172581 0.026375 0.037802
0 0.632521 0.187595 0.030812 0.047291
0 0.688854 0.207938 0.035479 0.050050
0 0.755411 0.165074 0.028156 0.036222
0 0.745302 0.218602 0.032375 0.050056
0 0.642854 0.275296 0.040813 0.062296
0 0.734297 0.318352 0.053927 0.083630
0 0.661073 0.375639 0.057708 0.093907
0 0.322854 0.242907 0.039938 0.052815
0 0.492297 0.255148 0.038823 0.060704
1 0.387411 0.232833 0.041490 0.070593
0 0.847187 0.354306 0.060146 0.087574
0 0.894521 0.288926 0.050375 0.068222
0 0.860969 0.534065 0.087708 0.129463
0 0.750302 0.619991 0.089042 0.144870
