0 0.683188 0.169419 0.029479 0.046494
0 0.065522 0.512731 0.103934 0.138944
0 0.631630 0.172975 0.026823 0.044124
0 0.165743 0.770509 0.146597 0.280759
0 0.733630 0.174157 0.032156 0.042537
0 0.719630 0.240130 0.039260 0.059926
0 0.657297 0.241120 0.042594 0.059537
0 0.757411 0.300981 0.055260 0.078889
0 0.471078 0.401120 0.065260 0.102981
1 0.811297 0.260278 0.042156 0.074148
0 0.696411 0.419491 0.066156 0.103389
0 0.855411 0.238759 0.044156 0.061111
0 0.443745 0.256528 0.044823 0.066648
0 0.372521 0.256722 0.040604 0.059926
0 0.402302 0.222167 0.034375 0.056370
0 0.362969 0.196281 0.030375 0.050439
0 0.772078 0.676481 0.107260 0.171741
0 0.953521 0.484676 0.095042 0.120759
