0 0.675630 0.176333 0.027260 0.039778
0 0.633073 0.192333 0.032375 0.048074
0 0.690964 0.212093 0.037490 0.052815
0 0.759630 0.168432 0.028594 0.036617
0 0.748854 0.225120 0.032375 0.053611
0 0.644854 0.282806 0.042146 0.063870
0 0.739297 0.329815 0.055490 0.085222
0 0.664521 0.388880 0.058375 0.095870
0 0.328854 0.236778 0.037271 0.050852
0 0.494521 0.245861 0.036604 0.057167
1 0.392521 0.226111 0.040146 0.069000
0 0.856630 0.366556 0.062594 0.093889
0 0.903078 0.295639 0.051490 0.069019
0 0.875411 0.562704 0.092594 0.136963
0 0.759297 0.655546 0.093260 0.151981
