0 0.147187 0.801120 0.177042 0.312759
0 0.045708 0.555593 0.089333 0.129852
0 0.637078 0.179491 0.030156 0.060315
0 0.698854 0.190355 0.035937 0.045698
0 0.773630 0.220185 0.034823 0.043741
0 0.655302 0.269769 0.041708 0.067833
0 0.732078 0.271741 0.045490 0.068630
0 0.672302 0.365759 0.058375 0.100222
0 0.813078 0.264037 0.047490 0.063481
0 0.887521 0.259500 0.048813 0.064667
0 0.885188 0.383343 0.075708 0.088759
0 0.861187 0.531102 0.093042 0.150389
1 0.438969 0.224729 0.049042 0.104172
0 0.756078 0.734750 0.129490 0.234537
