0 0.678521 0.187000 0.030812 0.046889
0 0.728630 0.191544 0.028823 0.042543
0 0.631078 0.241324 0.035927 0.055981
0 0.712521 0.270157 0.045479 0.070204
0 0.647969 0.315000 0.049708 0.081667
0 0.287411 0.289907 0.049490 0.067037
0 0.476969 0.309667 0.046375 0.072556
1 0.356964 0.276083 0.049927 0.082056
0 0.805188 0.299593 0.052604 0.072963
0 0.854406 0.250806 0.041708 0.059130
0 0.804521 0.419491 0.069479 0.098648
0 0.713630 0.473815 0.068594 0.114852
0 0.934406 0.448926 0.085708 0.121963
0 0.732411 0.733565 0.120823 0.198204
0 0.898406 0.656537 0.113708 0.152370
0 0.470073 0.197077 0.029042 0.042550
