0 0.634073 0.170206 0.025042 0.038587
0 0.722078 0.170602 0.027260 0.042537
0 0.624745 0.200231 0.030823 0.047278
0 0.679297 0.180877 0.026594 0.042543
0 0.652406 0.248037 0.037708 0.063889
0 0.725297 0.287352 0.047490 0.068222
1 0.781411 0.257130 0.041927 0.074148
0 0.801302 0.201219 0.036375 0.050043
0 0.676740 0.360435 0.053042 0.080870
0 0.350187 0.282019 0.047042 0.076519
0 0.257969 0.324278 0.053708 0.074148
0 0.828521 0.242111 0.039271 0.059926
0 0.798187 0.414157 0.071938 0.100611
0 0.705854 0.461176 0.073479 0.126685
0 0.409740 0.229074 0.035042 0.051222
0 0.517745 0.224139 0.031490 0.053204
0 0.340635 0.220389 0.039042 0.057556
0 0.887411 0.298407 0.048594 0.068222
0 0.918297 0.425620 0.076594 0.087981
1 0.925854 0.329815 0.072146 0.096259
0 0.794745 0.861370 0.147260 0.211222
