0 0.685187 0.189571 0.029937 0.048080
0 0.638411 0.209719 0.035490 0.062302
1 0.713521 0.229463 0.039938 0.069407
0 0.762854 0.208139 0.033708 0.041759
0 0.787411 0.185025 0.029927 0.041357
0 0.658521 0.303148 0.041937 0.064259
1 0.250854 0.408824 0.066604 0.127093
0 0.695411 0.443398 0.067260 0.114056
0 0.821411 0.285963 0.048594 0.061519
0 0.494302 0.279648 0.043708 0.064667
1 0.453521 0.206947 0.039938 0.085994
0 0.882302 0.510361 0.094375 0.117611
0 0.810745 0.713620 0.103260 0.185167
0 0.932630 0.327250 0.060823 0.067426
0 0.418188 0.196281 0.029271 0.043328
