0 0.642188 0.169419 0.035479 0.060717
0 0.725188 0.216815 0.046812 0.059889
0 0.686745 0.262259 0.043260 0.074926
1 0.350740 0.373861 0.066375 0.131426
0 0.816297 0.176923 0.040156 0.048857
0 0.825078 0.253574 0.055490 0.076519
0 0.296297 0.266204 0.052594 0.069407
0 0.785078 0.415741 0.069260 0.103000
1 0.334745 0.224731 0.033927 0.073352
0 0.898521 0.254167 0.058375 0.070593
0 0.443740 0.195099 0.035042 0.061506
0 0.505964 0.205766 0.034594 0.061506
1 0.336521 0.185815 0.035708 0.065852
0 0.931854 0.667593 0.138375 0.552185
