0 0.114188 0.558352 0.113708 0.163037
1 0.271078 0.525565 0.090594 0.194648
0 0.650188 0.207938 0.035042 0.069013
0 0.346188 0.704333 0.127042 0.251926
0 0.175187 0.357472 0.073938 0.084426
0 0.800302 0.226898 0.043708 0.069796
1 0.674521 0.374259 0.064604 0.123519
0 0.309854 0.250806 0.041937 0.070981
0 0.895521 0.330204 0.069271 0.088370
0 0.382188 0.212481 0.036813 0.064667
0 0.921964 0.262454 0.058156 0.078500
0 0.497073 0.216831 0.043042 0.076524
0 0.747073 0.643296 0.115042 0.181222
0 0.453969 0.182262 0.035042 0.055587
0 0.909521 0.600231 0.108375 0.155130
