0 0.192188 0.709870 0.136813 0.211630
0 0.322297 0.757870 0.142823 0.241259
0 0.717854 0.233417 0.046812 0.067833
0 0.652406 0.209516 0.039042 0.061894
0 0.753630 0.185423 0.041490 0.051635
0 0.656073 0.275296 0.047708 0.073370
1 0.191635 0.480926 0.107708 0.177259
1 0.184297 0.333370 0.075260 0.119185
0 0.291740 0.321713 0.065708 0.085611
0 0.775411 0.282602 0.050823 0.076130
0 0.459964 0.331194 0.058156 0.107722
0 0.810521 0.240139 0.056604 0.079685
0 0.405740 0.268583 0.043042 0.074944
0 0.785187 0.398759 0.070375 0.110889
0 0.860521 0.207345 0.047271 0.060717
0 0.491073 0.232037 0.037708 0.063481
1 0.716188 0.508574 0.086604 0.172519
0 0.337187 0.189762 0.037937 0.051624
0 0.460854 0.176333 0.031042 0.049259
0 0.958964 0.456435 0.084156 0.116426
