0 0.621521 0.171197 0.024813 0.040569
0 0.689187 0.198849 0.028146 0.042931
0 0.639969 0.221565 0.035042 0.052019
0 0.708969 0.245667 0.042375 0.059148
0 0.115074 0.563491 0.108372 0.145648
0 0.788630 0.190947 0.032823 0.044513
0 0.777969 0.266796 0.041708 0.058741
0 0.662635 0.346806 0.051042 0.077315
0 0.783635 0.424435 0.075708 0.116426
0 0.692964 0.520833 0.082823 0.132222
0 0.362411 0.201812 0.033260 0.046487
0 0.506854 0.199046 0.030146 0.049648
1 0.417078 0.189169 0.034156 0.057550
0 0.935302 0.468481 0.091042 0.103370
0 0.966964 0.361222 0.068156 0.082444
0 0.967297 0.835093 0.067490 0.185556
