0 0.664854 0.179095 0.024813 0.037402
0 0.717406 0.182262 0.029042 0.038994
0 0.627745 0.210898 0.028823 0.052019
0 0.170298 0.819889 0.150820 0.234148
0 0.235078 0.461759 0.075927 0.104963
0 0.271521 0.330009 0.055938 0.071389
0 0.452630 0.508583 0.070156 0.126685
1 0.396521 0.356083 0.049479 0.102981
0 0.806187 0.218602 0.036813 0.050833
0 0.777630 0.257324 0.041927 0.064278
0 0.665297 0.328231 0.042594 0.073352
0 0.485964 0.346407 0.044823 0.078111
0 0.762411 0.356083 0.057260 0.084019
0 0.846078 0.261463 0.041927 0.057556
0 0.496187 0.248824 0.039479 0.070981
0 0.877740 0.616435 0.105708 0.147241
0 0.394297 0.202608 0.028156 0.043339
0 0.755411 0.788481 0.113490 0.193444
0 0.504745 0.178114 0.024156 0.049661
