0 0.145964 0.574157 0.101260 0.140907
0 0.175964 0.722111 0.136823 0.234556
0 0.624745 0.190954 0.028594 0.045315
0 0.450411 0.415343 0.062156 0.102204
1 0.362745 0.365176 0.073490 0.169352
1 0.362740 0.256528 0.038375 0.069019
1 0.413964 0.298611 0.042594 0.088370
0 0.500635 0.266019 0.039042 0.063481
0 0.433411 0.247444 0.035260 0.055593
0 0.411187 0.197868 0.031708 0.052820
0 0.360073 0.192333 0.030375 0.055185
1 0.743745 0.697620 0.123490 0.262204
0 0.520630 0.189173 0.029260 0.047283
0 0.472635 0.189368 0.027042 0.042931
