1 0.678297 0.165861 0.025490 0.047278
0 0.182187 0.733759 0.137708 0.227037
0 0.732187 0.178704 0.031042 0.049259
0 0.700521 0.221176 0.036604 0.063093
0 0.364411 0.674500 0.106594 0.179630
1 0.647187 0.226111 0.034375 0.072963
0 0.813297 0.200435 0.042156 0.057167
0 0.271073 0.386111 0.064375 0.092704
0 0.138298 0.430556 0.085486 0.114444
0 0.802188 0.257713 0.046604 0.065056
0 0.340521 0.275491 0.041042 0.065056
0 0.293854 0.256731 0.047708 0.074944
0 0.390521 0.217222 0.034375 0.051222
0 0.887745 0.270556 0.055490 0.071000
0 0.909411 0.434500 0.085490 0.102593
0 0.517745 0.188581 0.028823 0.053209
