0 0.619745 0.176331 0.026156 0.045302
0 0.027597 0.772481 0.053111 0.130630
0 0.174630 0.426213 0.078594 0.098648
1 0.279969 0.563500 0.085708 0.186741
0 0.769302 0.177519 0.029708 0.042148
0 0.740745 0.207145 0.035260 0.054783
0 0.648073 0.249028 0.031708 0.052426
0 0.432964 0.531296 0.072156 0.127889
0 0.714521 0.261667 0.042375 0.062704
0 0.795411 0.208534 0.033490 0.052820
0 0.468188 0.326463 0.049708 0.091926
0 0.780406 0.404278 0.064375 0.089556
0 0.357521 0.238750 0.034146 0.052426
0 0.687854 0.461963 0.061042 0.111667
0 0.480964 0.218204 0.028594 0.058741
0 0.882745 0.302556 0.049927 0.073370
0 0.899187 0.431546 0.076146 0.095870
0 0.946745 0.811593 0.108594 0.190704
0 0.980854 0.394009 0.040375 0.090352
