0 0.623745 0.177719 0.027490 0.040969
0 0.677297 0.176336 0.031927 0.046106
0 0.263406 0.406259 0.065042 0.095074
0 0.071522 0.553426 0.106601 0.161852
0 0.412964 0.561907 0.084156 0.144074
0 0.340187 0.295648 0.046604 0.068222
0 0.472078 0.381769 0.052594 0.083241
1 0.371297 0.363787 0.071490 0.158685
0 0.734187 0.176333 0.034146 0.051630
0 0.243521 0.323093 0.051937 0.076519
0 0.643745 0.271935 0.043927 0.066648
0 0.781411 0.250602 0.044594 0.057944
0 0.757969 0.281620 0.043042 0.066241
0 0.424411 0.274111 0.043490 0.073370
0 0.827854 0.225713 0.038812 0.053204
0 0.460411 0.222944 0.031927 0.051630
0 0.507411 0.237565 0.037927 0.057944
0 0.720854 0.535833 0.086146 0.139333
1 0.862964 0.557769 0.113490 0.196611
0 0.934969 0.335944 0.069042 0.077704
