1 0.109967 0.575741 0.124378 0.199370
0 0.629406 0.217222 0.034375 0.051222
1 0.676630 0.180676 0.033260 0.053204
1 0.357745 0.407843 0.059927 0.124315
1 0.340521 0.292278 0.045479 0.078889
0 0.282187 0.279444 0.046604 0.065074
0 0.740521 0.310065 0.052146 0.082833
0 0.425521 0.291296 0.042146 0.069000
0 0.394969 0.220185 0.034375 0.049259
0 0.826630 0.266602 0.048823 0.074944
1 0.338854 0.215244 0.033271 0.067031
0 0.446078 0.220185 0.036594 0.057148
0 0.693297 0.499694 0.073260 0.118389
0 0.523297 0.175741 0.026594 0.043333
