0 0.643854 0.197466 0.027708 0.043328
0 0.691630 0.216241 0.029927 0.049259
0 0.636630 0.233028 0.033260 0.051241
0 0.745521 0.204386 0.031042 0.049265
0 0.659406 0.306111 0.041042 0.063074
0 0.449411 0.413769 0.063260 0.104574
0 0.797187 0.278454 0.043271 0.063093
0 0.763854 0.353519 0.054375 0.082852
0 0.854411 0.260676 0.046594 0.059130
0 0.424406 0.258704 0.037708 0.051222
0 0.872745 0.362407 0.063260 0.088778
0 0.726078 0.576731 0.078823 0.130241
1 0.905521 0.638944 0.099937 0.191481
0 0.942740 0.344630 0.061042 0.076926
1 0.378854 0.181669 0.039938 0.059143
0 0.971078 0.555991 0.059927 0.159870
