1 0.115186 0.593917 0.101482 0.170944
0 0.027486 0.571204 0.052889 0.152370
0 0.678302 0.176132 0.033042 0.055180
0 0.231740 0.694463 0.117708 0.183185
0 0.287411 0.374259 0.057490 0.084815
1 0.180188 0.374259 0.060813 0.107741
0 0.345745 0.404870 0.071927 0.114444
0 0.638969 0.245074 0.037042 0.058741
0 0.489854 0.284583 0.043708 0.072167
1 0.420187 0.255944 0.050604 0.116815
1 0.401964 0.195688 0.030594 0.056365
1 0.454187 0.219593 0.031938 0.068630
0 0.516187 0.197074 0.031042 0.050444
0 0.466630 0.184630 0.027490 0.042148
