0 0.630188 0.175349 0.031479 0.048080
0 0.681521 0.185815 0.034604 0.056370
0 0.123854 0.845176 0.158375 0.268130
0 0.411187 0.543935 0.081479 0.142093
0 0.750302 0.207345 0.037042 0.053606
0 0.243073 0.426407 0.068375 0.099815
0 0.675745 0.358065 0.058594 0.090352
0 0.419406 0.277472 0.043708 0.067426
0 0.769969 0.377222 0.061708 0.089963
1 0.488187 0.270167 0.042604 0.081259
0 0.868630 0.263843 0.050156 0.063093
0 0.733187 0.597269 0.092146 0.142093
0 0.876521 0.603398 0.113937 0.149611
0 0.460635 0.210308 0.035042 0.054791
0 0.367188 0.183444 0.030375 0.044519
