1 0.632073 0.200234 0.034375 0.065457
0 0.378411 0.757472 0.122594 0.232574
0 0.308297 0.508583 0.076156 0.124315
0 0.740745 0.195299 0.035260 0.048476
1 0.288297 0.350759 0.061927 0.109704
0 0.645521 0.295843 0.044813 0.068611
1 0.709302 0.246657 0.043042 0.074537
1 0.425411 0.273722 0.039260 0.078889
1 0.393078 0.224333 0.032823 0.061519
0 0.347521 0.214657 0.033271 0.052426
0 0.834854 0.510556 0.088375 0.129074
0 0.464406 0.213667 0.031042 0.050444
0 0.428521 0.178701 0.025937 0.040561
0 0.962854 0.467102 0.076375 0.118796
1 0.385188 0.171988 0.026375 0.046098
