0 0.633745 0.181669 0.031490 0.049661
0 0.685964 0.194901 0.037260 0.057161
0 0.188740 0.725861 0.137042 0.242833
0 0.434521 0.472426 0.069479 0.123926
0 0.758969 0.218407 0.038375 0.056778
0 0.273521 0.381370 0.063479 0.087185
0 0.682630 0.390065 0.062594 0.095870
0 0.427630 0.256528 0.040594 0.057167
0 0.787297 0.410009 0.065260 0.098648
1 0.494188 0.246852 0.037708 0.069407
0 0.887302 0.282796 0.053708 0.069407
0 0.753187 0.675491 0.106375 0.165796
0 0.913406 0.684389 0.129042 0.172519
0 0.465302 0.197669 0.031042 0.048476
