0 0.649521 0.217222 0.033708 0.055185
0 0.735411 0.179102 0.033490 0.045315
0 0.721078 0.246259 0.040823 0.060333
0 0.647073 0.273917 0.040375 0.062685
0 0.190964 0.494750 0.095260 0.149611
0 0.811297 0.187593 0.038594 0.052815
0 0.792297 0.253370 0.045490 0.062704
0 0.672411 0.363194 0.052823 0.083241
0 0.775521 0.347000 0.058146 0.079296
0 0.417187 0.309278 0.048146 0.074148
0 0.268521 0.293472 0.046812 0.078093
0 0.387630 0.238954 0.039260 0.061500
0 0.507297 0.265222 0.040823 0.067444
0 0.875630 0.268380 0.048594 0.065056
0 0.725964 0.529130 0.078594 0.118000
0 0.338188 0.217028 0.036813 0.054796
0 0.458854 0.211494 0.034146 0.054791
1 0.939964 0.686167 0.122156 0.202148
