0 0.617521 0.179294 0.026604 0.041746
0 0.682740 0.192136 0.033042 0.053209
0 0.632521 0.221370 0.035271 0.061111
0 0.140964 0.439250 0.084594 0.108907
0 0.407630 0.535833 0.081927 0.139333
1 0.239187 0.429769 0.082375 0.144463
0 0.751078 0.214463 0.034156 0.050444
0 0.797297 0.187201 0.033260 0.045709
0 0.733969 0.273713 0.043042 0.065463
0 0.674302 0.298204 0.042375 0.071778
0 0.824521 0.293278 0.051708 0.077704
0 0.660630 0.398167 0.059490 0.095481
0 0.771635 0.358852 0.057042 0.084037
0 0.430630 0.275102 0.039927 0.065056
0 0.751188 0.736528 0.116146 0.204907
0 0.962187 0.848731 0.077708 0.206500
