0 0.086599 0.883889 0.171115 0.207296
0 0.337187 0.834500 0.143271 0.274444
0 0.663297 0.285556 0.048823 0.080481
0 0.216635 0.308083 0.064375 0.086796
0 0.758297 0.336722 0.058823 0.084815
0 0.868302 0.209318 0.047708 0.055180
0 0.339964 0.249815 0.053260 0.080852
1 0.876630 0.318954 0.075490 0.116426
0 0.704406 0.486852 0.084375 0.140111
0 0.839964 0.244870 0.055490 0.067037
1 0.438297 0.179688 0.045490 0.114439
0 0.952188 0.489815 0.097708 0.138148
0 0.499964 0.204380 0.035490 0.053204
0 0.380521 0.167836 0.038812 0.067031
0 0.464969 0.347593 0.054375 0.102593
