0 0.102298 0.863398 0.160153 0.276907
0 0.377078 0.665028 0.097260 0.190685
0 0.267302 0.546500 0.104375 0.165407
0 0.191964 0.478750 0.085260 0.115241
0 0.618630 0.243296 0.035490 0.058333
0 0.162078 0.408426 0.078823 0.097852
0 0.391302 0.349963 0.056375 0.084407
0 0.486411 0.303148 0.046156 0.076111
0 0.423745 0.259102 0.041260 0.063870
0 0.660411 0.380185 0.059490 0.093519
0 0.355188 0.256139 0.045042 0.071389
0 0.493964 0.218009 0.032823 0.053611
0 0.908521 0.442602 0.084604 0.098241
0 0.464406 0.178898 0.028375 0.042537
0 0.981411 0.401519 0.039260 0.089556
