0 0.627521 0.176926 0.026146 0.043333
0 0.640521 0.221176 0.034813 0.052019
0 0.708297 0.210898 0.034823 0.054389
0 0.177630 0.775843 0.144594 0.222685
0 0.263411 0.407241 0.072594 0.097852
0 0.374745 0.702556 0.117927 0.202556
0 0.664521 0.285176 0.041479 0.063870
0 0.135743 0.429963 0.082597 0.106926
0 0.369854 0.389463 0.063271 0.100222
1 0.764745 0.328435 0.051260 0.098241
1 0.692630 0.440231 0.077260 0.136167
0 0.852745 0.315787 0.061490 0.085611
0 0.834187 0.447741 0.080812 0.113259
0 0.445630 0.238167 0.039260 0.062296
0 0.890745 0.270157 0.053927 0.068611
0 0.517078 0.206355 0.035490 0.053994
0 0.419411 0.180090 0.028156 0.045709
1 0.850745 0.893222 0.169490 0.217259
