0 0.348302 0.831537 0.134375 0.232963
0 0.047153 0.728833 0.092222 0.197407
0 0.171078 0.765370 0.135490 0.207296
0 0.628854 0.191546 0.028813 0.051241
0 0.689411 0.210308 0.036594 0.057161
0 0.440521 0.461167 0.063271 0.108519
0 0.653854 0.296231 0.047708 0.082833
0 0.768854 0.238954 0.037708 0.059130
0 0.464964 0.329815 0.045490 0.074926
2 0.373854 0.344630 0.065479 0.167778
0 0.298854 0.335741 0.057708 0.086778
0 0.822188 0.232037 0.042146 0.053222
0 0.309406 0.252778 0.041042 0.055185
0 0.390521 0.240926 0.038812 0.051222
0 0.367740 0.198456 0.031042 0.045309
0 0.747745 0.760435 0.113260 0.181611
