0 0.642188 0.184630 0.028813 0.049259
0 0.684969 0.196479 0.027708 0.045302
0 0.632188 0.208336 0.028813 0.053217
0 0.733302 0.184630 0.024375 0.037407
0 0.654411 0.275491 0.035490 0.065056
0 0.423302 0.488824 0.077708 0.124315
0 0.779411 0.248824 0.043260 0.059130
0 0.747188 0.311046 0.047708 0.069019
0 0.833302 0.232037 0.044375 0.053222
0 0.401630 0.288333 0.049927 0.071000
0 0.844411 0.314009 0.055490 0.063093
0 0.705521 0.480926 0.066604 0.112481
1 0.855521 0.523389 0.077708 0.161852
0 0.908297 0.306111 0.056594 0.071000
1 0.361078 0.198460 0.042156 0.061117
0 0.937188 0.467093 0.087708 0.132222
0 0.468297 0.192528 0.032156 0.041352
