1 0.627521 0.195889 0.025708 0.059926
0 0.678406 0.187984 0.031042 0.040957
0 0.723406 0.173960 0.026375 0.038191
1 0.093151 0.835546 0.184219 0.332611
0 0.691187 0.216824 0.032146 0.047278
0 0.755411 0.220583 0.035260 0.050833
0 0.644302 0.274704 0.041042 0.066630
0 0.434078 0.467491 0.073490 0.140130
0 0.355302 0.459389 0.064375 0.116815
0 0.251630 0.408824 0.071260 0.096278
0 0.393745 0.370500 0.054156 0.086000
0 0.361854 0.284389 0.041479 0.062296
0 0.344745 0.241907 0.039260 0.051630
0 0.800630 0.208926 0.033260 0.047296
0 0.506406 0.286361 0.039042 0.063870
1 0.458411 0.229472 0.030594 0.063093
0 0.883406 0.288139 0.053042 0.069019
0 0.860635 0.356481 0.060375 0.091926
0 0.717078 0.540583 0.074156 0.125907
0 0.517630 0.228880 0.029927 0.050833
0 0.910187 0.644880 0.119479 0.159870
0 0.965187 0.370500 0.071708 0.081259
