0 0.684406 0.171593 0.031042 0.051630
1 0.148967 0.758259 0.153045 0.278407
1 0.044931 0.501074 0.087778 0.223074
0 0.426635 0.503833 0.080375 0.151185
0 0.631854 0.224139 0.037479 0.054796
0 0.293411 0.341074 0.061490 0.079296
0 0.383745 0.356278 0.058156 0.086000
0 0.489521 0.301963 0.043479 0.073741
0 0.763630 0.170605 0.030823 0.041754
0 0.345964 0.279444 0.043927 0.065852
0 0.406854 0.283389 0.039938 0.063481
0 0.652630 0.324083 0.050156 0.085611
0 0.757854 0.359046 0.059271 0.098648
0 0.502964 0.225519 0.033490 0.055963
0 0.752521 0.725667 0.127708 0.234556
0 0.934854 0.464139 0.085271 0.108130
0 0.499630 0.181864 0.026823 0.042939
2 0.455297 0.177120 0.035927 0.093500
