0 0.403406 0.575148 0.090375 0.154741
1 0.291078 0.500880 0.111490 0.236907
1 0.322078 0.304130 0.045490 0.081259
1 0.366964 0.373861 0.060156 0.114056
0 0.481297 0.330407 0.047927 0.081667
0 0.400521 0.303343 0.044146 0.070204
0 0.387073 0.226704 0.039042 0.063889
0 0.328073 0.223343 0.037042 0.062685
1 0.689073 0.453667 0.077708 0.154333
0 0.511740 0.220972 0.033708 0.059537
0 0.456073 0.223741 0.034375 0.055593
0 0.411187 0.184827 0.028604 0.044124
0 0.946411 0.735343 0.109260 0.173315
0 0.968521 0.543935 0.065042 0.124722
