0 0.636964 0.175935 0.024156 0.038981
0 0.729302 0.180086 0.028375 0.048865
0 0.626854 0.210509 0.031938 0.051241
0 0.684854 0.190954 0.027938 0.042944
0 0.656187 0.273722 0.041271 0.074148
0 0.737297 0.310454 0.050156 0.072574
1 0.796188 0.275491 0.044813 0.078500
0 0.816411 0.216231 0.038594 0.054796
0 0.688073 0.402704 0.058375 0.093519
0 0.366630 0.258111 0.040823 0.071370
0 0.290635 0.288139 0.047042 0.065056
0 0.850854 0.263639 0.044375 0.064278
0 0.825521 0.467889 0.079479 0.114037
0 0.724854 0.535648 0.087479 0.150000
0 0.420187 0.211694 0.034604 0.046500
0 0.522630 0.209120 0.030156 0.047685
0 0.357854 0.204380 0.036146 0.057944
0 0.921964 0.328231 0.058156 0.070981
0 0.958187 0.477769 0.085708 0.102204
1 0.965964 0.373074 0.070156 0.106148
