0 0.723187 0.172775 0.029479 0.042931
0 0.651078 0.259889 0.041260 0.065444
0 0.727964 0.277269 0.051490 0.082056
0 0.260411 0.460583 0.071490 0.113648
0 0.375521 0.364380 0.058604 0.100611
1 0.454187 0.416333 0.059042 0.126296
0 0.820969 0.201028 0.039708 0.051241
0 0.764302 0.229269 0.046375 0.062685
0 0.498406 0.258704 0.039042 0.064667
0 0.844078 0.346009 0.063260 0.085204
0 0.384078 0.235398 0.035260 0.054389
0 0.783411 0.785130 0.121927 0.200963
0 0.467411 0.183645 0.028594 0.045709
0 0.961411 0.863352 0.079260 0.191481
