0 0.663854 0.177321 0.024604 0.037802
0 0.715745 0.180287 0.027927 0.038204
0 0.627521 0.208333 0.029271 0.051630
0 0.146856 0.860185 0.158601 0.234926
0 0.224630 0.475398 0.079490 0.109315
0 0.266630 0.335546 0.057260 0.073759
0 0.447854 0.527343 0.073938 0.131833
1 0.391745 0.364574 0.051490 0.104963
0 0.803188 0.215444 0.036146 0.050037
0 0.774521 0.253574 0.041042 0.064667
0 0.663854 0.321713 0.041479 0.072167
0 0.483630 0.354907 0.045927 0.080074
0 0.758411 0.348185 0.055490 0.081667
0 0.842078 0.258111 0.041490 0.057148
0 0.494854 0.253167 0.039938 0.071778
0 0.868521 0.596287 0.101479 0.140907
0 0.392302 0.204577 0.029042 0.043328
0 0.747521 0.753519 0.106146 0.182778
0 0.503854 0.180873 0.025042 0.050439
0 0.977187 0.416731 0.047708 0.092315
