0 0.632302 0.243296 0.034375 0.055963
0 0.701740 0.245667 0.040375 0.053593
0 0.757411 0.214852 0.032156 0.052815
0 0.653745 0.309269 0.043927 0.065463
0 0.408521 0.333176 0.052604 0.078500
0 0.745630 0.337722 0.057490 0.086000
0 0.398521 0.230463 0.034375 0.046889
0 0.828630 0.231639 0.039490 0.052426
0 0.331964 0.239741 0.042594 0.063889
0 0.509969 0.237565 0.032375 0.053204
0 0.420078 0.193120 0.030823 0.044907
0 0.522406 0.196284 0.025708 0.042543
1 0.468297 0.189373 0.035260 0.074550
0 0.901078 0.354704 0.071490 0.093889
0 0.383073 0.184432 0.028375 0.047283
0 0.751188 0.736528 0.119708 0.199389
0 0.966964 0.509370 0.068156 0.105370
