0 0.619854 0.192139 0.029042 0.042944
0 0.680964 0.191148 0.032594 0.048074
0 0.730406 0.172380 0.027042 0.046093
0 0.636521 0.237963 0.034813 0.057148
0 0.329411 0.494167 0.082823 0.119185
0 0.708854 0.245667 0.043479 0.067037
0 0.360854 0.274898 0.042146 0.063870
0 0.780630 0.177713 0.031490 0.047278
0 0.271521 0.302954 0.052813 0.082056
0 0.489740 0.305130 0.041708 0.068222
0 0.394188 0.220185 0.035937 0.054000
0 0.510406 0.241519 0.032375 0.056370
1 0.444969 0.227692 0.041042 0.095876
0 0.808521 0.248231 0.050375 0.067426
0 0.343078 0.217815 0.035490 0.056370
0 0.681411 0.442019 0.069490 0.109704
0 0.868411 0.363194 0.065260 0.086389
0 0.911630 0.447352 0.076594 0.099037
0 0.466630 0.198065 0.026156 0.047685
0 0.966078 0.357667 0.069927 0.080852
