0 0.688073 0.187984 0.027708 0.048069
1 0.648297 0.233225 0.043260 0.100624
0 0.710411 0.234213 0.036823 0.061500
0 0.754521 0.187991 0.037937 0.046500
0 0.264297 0.584630 0.096594 0.151593
0 0.415969 0.536037 0.080375 0.137370
0 0.178187 0.507000 0.094146 0.113259
0 0.302406 0.348380 0.064375 0.082056
0 0.778745 0.382944 0.065490 0.099037
0 0.432964 0.257324 0.046823 0.087981
0 0.389078 0.222352 0.035927 0.049630
0 0.505964 0.238759 0.035927 0.051630
0 0.904854 0.408630 0.072375 0.095889
0 0.770630 0.754111 0.125260 0.197407
0 0.956745 0.339491 0.059260 0.076907
0 0.464969 0.193324 0.027708 0.045315
0 0.960078 0.744630 0.081927 0.184778
