0 0.681630 0.181664 0.032156 0.051228
0 0.399411 0.602407 0.089927 0.150000
0 0.642188 0.243889 0.039938 0.076926
0 0.747188 0.202407 0.032146 0.049259
0 0.443302 0.390056 0.057708 0.096667
2 0.323297 0.423639 0.086594 0.223093
0 0.233854 0.410806 0.076604 0.106537
0 0.789964 0.194509 0.033260 0.045315
0 0.262187 0.295250 0.051042 0.069019
0 0.360521 0.275500 0.047708 0.061111
0 0.345521 0.217222 0.033271 0.047296
0 0.706073 0.558954 0.081042 0.134204
0 0.928854 0.715991 0.144375 0.175685
0 0.969964 0.512528 0.062156 0.124315
