0 0.720073 0.172972 0.026375 0.040167
0 0.052708 0.742454 0.103333 0.176463
0 0.693521 0.198259 0.030146 0.050444
0 0.282854 0.384333 0.062604 0.093111
0 0.646964 0.243500 0.036156 0.054000
0 0.715078 0.262065 0.043490 0.062685
0 0.774411 0.240722 0.041260 0.054000
0 0.388969 0.374454 0.059708 0.104167
0 0.476964 0.372278 0.056156 0.094296
0 0.393854 0.252574 0.036604 0.051630
0 0.796406 0.201025 0.035042 0.042543
0 0.431302 0.292880 0.041708 0.062685
1 0.702411 0.478157 0.064823 0.125907
0 0.836187 0.487639 0.086146 0.110093
0 0.868630 0.368130 0.064823 0.081259
1 0.467969 0.190553 0.037708 0.080857
0 0.937854 0.721713 0.126375 0.167389
0 0.973187 0.378213 0.055708 0.086389
0 0.518406 0.214259 0.033708 0.057148
