0 0.625521 0.191540 0.024375 0.043328
0 0.643854 0.240926 0.034375 0.055185
0 0.727745 0.177713 0.022156 0.035426
1 0.281078 0.521426 0.115490 0.244815
0 0.742188 0.238954 0.037708 0.051241
0 0.713854 0.278648 0.041042 0.066667
0 0.781078 0.187595 0.028823 0.035439
0 0.192745 0.487833 0.092156 0.114444
0 0.490521 0.319944 0.047708 0.067037
0 0.696078 0.469074 0.072156 0.112481
0 0.865521 0.569815 0.106604 0.155926
0 0.879964 0.395000 0.068823 0.086778
0 0.398302 0.225120 0.034375 0.051241
0 0.739411 0.651796 0.096594 0.161852
0 0.958297 0.369324 0.072156 0.082833
0 0.530521 0.177719 0.023271 0.031487
