0 0.213630 0.443000 0.076594 0.104556
0 0.255078 0.562306 0.095490 0.138537
0 0.691964 0.163296 0.027490 0.036619
0 0.605078 0.177713 0.030594 0.047278
0 0.659302 0.178704 0.028375 0.044519
0 0.724078 0.191744 0.034823 0.053217
0 0.625078 0.246065 0.038156 0.065463
0 0.754078 0.233620 0.040594 0.052426
0 0.684297 0.246259 0.039260 0.054000
1 0.646411 0.344435 0.056823 0.089944
0 0.816406 0.230463 0.039042 0.056370
1 0.336964 0.190750 0.042823 0.080463
0 0.703078 0.619000 0.090156 0.143667
0 0.455521 0.188188 0.027938 0.046106
0 0.894630 0.690315 0.123490 0.172519
0 0.963411 0.578315 0.075260 0.131037
1 0.368078 0.164877 0.037927 0.069802
