0 0.626188 0.193324 0.029271 0.047685
0 0.700521 0.225324 0.033937 0.050833
0 0.727187 0.181269 0.032604 0.044907
0 0.781302 0.168034 0.032375 0.050043
0 0.214297 0.704528 0.123260 0.183574
0 0.314297 0.890657 0.144594 0.222389
0 0.646188 0.260880 0.041708 0.062685
0 0.725964 0.286352 0.049260 0.069407
0 0.220406 0.426009 0.073708 0.102204
0 0.815854 0.219194 0.041042 0.051241
0 0.806188 0.320722 0.054146 0.071778
0 0.682078 0.424824 0.061490 0.095870
0 0.837854 0.548278 0.101479 0.150000
0 0.726078 0.685769 0.106823 0.181611
0 0.381964 0.180284 0.029260 0.043728
0 0.513964 0.180284 0.028823 0.046098
