0 0.645854 0.179294 0.029042 0.051228
0 0.684854 0.206753 0.034604 0.052420
1 0.734078 0.195099 0.032156 0.056765
0 0.646078 0.244287 0.035260 0.057944
0 0.217521 0.446352 0.084375 0.126296
0 0.762411 0.174556 0.026594 0.043333
0 0.723302 0.272537 0.044375 0.067037
0 0.660187 0.284574 0.044375 0.080074
0 0.349297 0.340278 0.052823 0.080074
0 0.483854 0.338907 0.048604 0.081259
0 0.220188 0.342657 0.062146 0.092722
0 0.794854 0.198454 0.032813 0.043722
0 0.811964 0.282806 0.048823 0.063870
1 0.808406 0.213664 0.041708 0.063080
0 0.677302 0.422065 0.065708 0.105352
0 0.855745 0.359648 0.066156 0.089556
1 0.509078 0.206556 0.031927 0.064667
0 0.474188 0.183639 0.027938 0.044907
0 0.886745 0.657519 0.125490 0.200185
1 0.429740 0.177516 0.025708 0.050043
