0 0.634521 0.172581 0.029479 0.049654
0 0.036708 0.549463 0.071333 0.133407
0 0.651188 0.225324 0.034375 0.055574
0 0.738740 0.187197 0.035708 0.051235
0 0.725521 0.254954 0.042604 0.060315
0 0.649745 0.285963 0.041260 0.065444
0 0.219297 0.457611 0.085260 0.127481
0 0.818521 0.195692 0.039708 0.055580
0 0.798521 0.265222 0.049042 0.065852
0 0.675630 0.379000 0.056156 0.087963
0 0.782854 0.364583 0.059937 0.084426
0 0.425406 0.295833 0.045042 0.071778
0 0.283630 0.279833 0.044594 0.075333
0 0.393187 0.231648 0.036604 0.058741
0 0.512302 0.252972 0.038375 0.064278
0 0.887854 0.282407 0.050813 0.071000
0 0.735745 0.564287 0.082594 0.124315
0 0.347302 0.210306 0.035042 0.055574
0 0.462969 0.205565 0.034375 0.050833
1 0.951297 0.749565 0.099490 0.221500
