0 0.765406 0.190756 0.039708 0.055191
0 0.653521 0.251787 0.048375 0.071389
0 0.241406 0.395000 0.082375 0.127074
0 0.395411 0.315204 0.053927 0.086000
0 0.464745 0.322907 0.059260 0.087185
0 0.791406 0.395204 0.074375 0.101407
0 0.694854 0.406852 0.070604 0.116037
0 0.869745 0.331194 0.066156 0.080870
0 0.872521 0.238361 0.053042 0.067426
0 0.720630 0.595296 0.098594 0.161852
1 0.394302 0.230065 0.049042 0.080870
1 0.311521 0.201620 0.041708 0.071389
0 0.377630 0.202997 0.038823 0.053598
0 0.893188 0.619204 0.107708 0.165407
0 0.501521 0.198454 0.035937 0.062685
0 0.963854 0.494556 0.074375 0.153148
