0 0.633073 0.175744 0.028375 0.044920
0 0.690854 0.168037 0.029708 0.042148
0 0.116186 0.602213 0.120816 0.159870
0 0.651630 0.223935 0.035260 0.056759
0 0.250411 0.626704 0.110594 0.173296
1 0.732187 0.255343 0.040375 0.084019
1 0.666745 0.320731 0.056594 0.106537
0 0.803521 0.242704 0.049708 0.063481
0 0.779302 0.325472 0.056375 0.086796
0 0.400740 0.320139 0.053042 0.086389
0 0.824854 0.196877 0.036813 0.053209
0 0.492188 0.278648 0.043937 0.070593
0 0.390297 0.217417 0.037490 0.054796
1 0.740406 0.550657 0.095042 0.187130
0 0.897187 0.259889 0.052604 0.063074
0 0.454411 0.226111 0.040823 0.065852
0 0.910630 0.388481 0.074156 0.096667
0 0.941078 0.651194 0.119927 0.169352
