0 0.761073 0.183645 0.037708 0.055191
0 0.652187 0.239935 0.044375 0.069019
0 0.224406 0.418704 0.091042 0.146037
0 0.389411 0.331796 0.056594 0.090741
0 0.459411 0.337722 0.063260 0.090741
0 0.784406 0.376241 0.071042 0.096667
0 0.690521 0.383148 0.063271 0.106556
0 0.857745 0.311046 0.062156 0.069019
0 0.862187 0.230065 0.051042 0.065056
0 0.711630 0.552037 0.089927 0.144074
1 0.386635 0.241917 0.051042 0.092722
1 0.305521 0.206361 0.044375 0.069019
0 0.373297 0.208331 0.042156 0.057154
0 0.875521 0.574759 0.097708 0.150000
0 0.500521 0.204380 0.036604 0.065056
0 0.955521 0.463148 0.091042 0.140111
0 0.449964 0.168824 0.028823 0.053204
