0 0.676854 0.183049 0.030146 0.047680
0 0.630964 0.210905 0.033927 0.055191
0 0.076965 0.517278 0.101486 0.127481
0 0.371635 0.664231 0.101042 0.174093
1 0.184635 0.509370 0.103042 0.170148
0 0.740854 0.203790 0.035042 0.048865
0 0.787187 0.179886 0.030812 0.045302
0 0.722302 0.255546 0.038375 0.063093
0 0.667521 0.276083 0.041271 0.065463
0 0.805745 0.269370 0.047490 0.074926
0 0.652188 0.360435 0.053708 0.085611
0 0.753411 0.323296 0.049927 0.075333
0 0.416078 0.312426 0.042823 0.071778
0 0.722964 0.611296 0.094823 0.161444
0 0.935745 0.701176 0.130594 0.165796
1 0.970187 0.518065 0.061708 0.147241
