0 0.638854 0.184632 0.037708 0.053217
0 0.061042 0.655741 0.120000 0.248778
0 0.321635 0.457222 0.081042 0.128259
0 0.413854 0.474009 0.085479 0.134204
0 0.744964 0.284380 0.052156 0.074944
0 0.666630 0.270556 0.046594 0.071000
0 0.795521 0.236972 0.053271 0.059130
0 0.817187 0.176725 0.041042 0.049254
0 0.673854 0.372278 0.061042 0.096667
1 0.313297 0.330806 0.068823 0.128278
1 0.254964 0.259685 0.058823 0.096667
0 0.337188 0.253769 0.052146 0.065056
0 0.806635 0.378213 0.064375 0.104574
0 0.484406 0.252778 0.044375 0.082852
0 0.863854 0.316981 0.069937 0.096667
0 0.430521 0.208331 0.038812 0.057154
0 0.878297 0.593519 0.109927 0.167778
0 0.925521 0.271546 0.059937 0.076907
0 0.507745 0.182655 0.033260 0.053209
1 0.795521 0.860435 0.151042 0.282833
