1 0.126853 0.555796 0.095482 0.159481
1 0.071266 0.891843 0.140448 0.220019
0 0.370411 0.728630 0.114594 0.211222
0 0.234411 0.611685 0.098156 0.153556
0 0.295635 0.346204 0.062375 0.094296
0 0.195521 0.354306 0.066604 0.104167
1 0.643078 0.241324 0.042594 0.077315
0 0.476964 0.359639 0.053490 0.090352
0 0.388411 0.373861 0.055927 0.090352
0 0.346740 0.265019 0.042375 0.064667
0 0.729078 0.284583 0.047490 0.067426
0 0.796964 0.268574 0.050823 0.069407
0 0.503630 0.238556 0.038823 0.074926
1 0.749297 0.409426 0.067490 0.127481
0 0.457745 0.208331 0.032823 0.050043
0 0.925521 0.735546 0.151042 0.181611
0 0.517188 0.184435 0.029042 0.046500
