0 0.628745 0.191345 0.028594 0.047680
0 0.646745 0.241917 0.034823 0.057167
0 0.376302 0.643694 0.103708 0.178833
0 0.761521 0.220981 0.039042 0.046889
0 0.728969 0.271741 0.042375 0.067037
0 0.813740 0.209521 0.037708 0.053217
0 0.362740 0.347991 0.058375 0.085204
0 0.815302 0.276093 0.049708 0.067037
0 0.687188 0.398361 0.052604 0.091130
1 0.808188 0.423046 0.062146 0.122352
0 0.874078 0.268389 0.048156 0.058741
1 0.333630 0.223741 0.044156 0.082444
0 0.875406 0.379787 0.067708 0.097463
0 0.457297 0.210704 0.033260 0.044519
0 0.978964 0.379981 0.044156 0.078889
