0 0.117189 0.550852 0.109934 0.139333
0 0.623630 0.178114 0.028156 0.042550
0 0.720969 0.167840 0.027708 0.042543
0 0.675964 0.173960 0.026156 0.040561
0 0.272969 0.564481 0.099708 0.163444
0 0.379964 0.384731 0.055927 0.089944
0 0.432745 0.485861 0.076156 0.123130
0 0.654078 0.266407 0.041927 0.063481
1 0.714745 0.257315 0.047260 0.087185
0 0.794630 0.194509 0.032823 0.047685
1 0.676854 0.376037 0.062604 0.115222
0 0.506078 0.261667 0.039260 0.061889
0 0.444964 0.242509 0.035260 0.052019
0 0.842964 0.339093 0.060594 0.080074
1 0.408078 0.200432 0.033490 0.057950
0 0.746411 0.744824 0.118594 0.189907
1 0.899630 0.615833 0.130823 0.195037
