0 0.619964 0.175741 0.026594 0.043333
1 0.191078 0.741667 0.119927 0.250741
1 0.253854 0.410806 0.065479 0.106537
0 0.173854 0.394009 0.067708 0.092722
0 0.699411 0.224139 0.038823 0.065056
0 0.356073 0.438463 0.067708 0.102593
0 0.347187 0.292287 0.043271 0.063093
0 0.771635 0.185614 0.034375 0.055180
1 0.272188 0.287343 0.039938 0.088759
0 0.406073 0.301176 0.047708 0.076907
0 0.655521 0.323889 0.048813 0.071000
0 0.507745 0.226111 0.033260 0.057148
1 0.449411 0.206358 0.043260 0.088765
1 0.424406 0.172775 0.024375 0.045302
