0 0.155745 0.520231 0.095927 0.130241
0 0.168632 0.723296 0.130153 0.190296
0 0.602078 0.164680 0.026823 0.038593
0 0.653073 0.163494 0.024375 0.040172
0 0.713854 0.177321 0.033479 0.049654
0 0.619302 0.224333 0.036375 0.059148
0 0.740740 0.214852 0.038375 0.051222
0 0.672630 0.221176 0.035490 0.051241
1 0.636854 0.305120 0.052375 0.080870
0 0.795078 0.208923 0.037260 0.048857
1 0.317521 0.208336 0.046146 0.091143
0 0.682964 0.514898 0.074823 0.116426
0 0.444521 0.207345 0.031708 0.051235
0 0.831297 0.546111 0.093260 0.133000
0 0.921745 0.484481 0.094156 0.110889
1 0.352740 0.177123 0.038375 0.076124
0 0.968745 0.392241 0.064594 0.083630
