0 0.691630 0.203787 0.029490 0.047278
0 0.641969 0.229278 0.040375 0.063481
1 0.724854 0.250009 0.040375 0.077315
0 0.777411 0.225324 0.037490 0.046093
0 0.801854 0.203201 0.037042 0.046894
0 0.667635 0.341861 0.046375 0.073759
1 0.294630 0.350167 0.050594 0.101407
0 0.709411 0.512333 0.080156 0.136556
0 0.848854 0.320926 0.055938 0.069815
0 0.505740 0.249019 0.037708 0.058741
1 0.463854 0.188972 0.033479 0.079278
0 0.932521 0.631250 0.111708 0.156315
0 0.855302 0.899296 0.139042 0.166185
0 0.969740 0.376426 0.049708 0.078889
