1 0.602406 0.165469 0.027042 0.047283
0 0.619630 0.219991 0.033490 0.052019
0 0.204406 0.674500 0.120375 0.172519
0 0.677411 0.213463 0.035260 0.056370
0 0.735078 0.222759 0.038594 0.055185
1 0.118411 0.406852 0.107490 0.180815
0 0.773630 0.187595 0.036594 0.047291
0 0.632073 0.287741 0.045042 0.078481
0 0.362740 0.249815 0.041042 0.056370
0 0.304521 0.257519 0.041479 0.058333
0 0.843521 0.315593 0.057271 0.074148
0 0.782188 0.455046 0.071479 0.097056
0 0.442078 0.207349 0.033490 0.055191
0 0.500302 0.204185 0.030375 0.052815
0 0.460521 0.176333 0.031271 0.046889
