0 0.623297 0.192136 0.028823 0.046098
0 0.723297 0.185219 0.030156 0.041746
1 0.209854 0.936676 0.157479 0.130352
0 0.336521 0.464139 0.069042 0.110500
0 0.686745 0.218407 0.034823 0.063889
1 0.198745 0.488833 0.077490 0.146444
0 0.766745 0.250213 0.041927 0.054796
0 0.335745 0.330796 0.050156 0.068222
0 0.740297 0.318157 0.049927 0.074537
0 0.392406 0.238556 0.035042 0.053593
0 0.690406 0.433519 0.059042 0.094296
0 0.814745 0.485861 0.084156 0.116019
0 0.887635 0.402111 0.069042 0.088370
0 0.467854 0.220972 0.033937 0.054796
0 0.519969 0.214463 0.029708 0.052815
0 0.445740 0.179886 0.025708 0.038191
0 0.940411 0.347398 0.063490 0.074537
0 0.482073 0.192729 0.027708 0.044913
