0 0.638521 0.187991 0.030375 0.048870
0 0.097854 0.467500 0.090375 0.115630
0 0.657297 0.251787 0.039927 0.061907
0 0.750630 0.204975 0.037260 0.048865
0 0.736964 0.283787 0.047260 0.069019
0 0.655188 0.317574 0.043271 0.071778
0 0.273521 0.386898 0.068375 0.109315
0 0.837073 0.215241 0.041708 0.057556
0 0.817740 0.294852 0.052375 0.073741
0 0.686740 0.430352 0.063708 0.094296
0 0.806521 0.413769 0.069479 0.095093
0 0.440297 0.265222 0.041927 0.064259
0 0.313297 0.250806 0.037260 0.063093
0 0.406302 0.217222 0.034375 0.055963
0 0.519854 0.225907 0.035271 0.059926
0 0.922521 0.320926 0.062375 0.077704
0 0.765073 0.683981 0.101708 0.167778
0 0.366078 0.191343 0.031260 0.048463
0 0.471188 0.191151 0.032146 0.049661
