0 0.608187 0.185025 0.029271 0.048469
0 0.712188 0.181077 0.032813 0.043735
0 0.650854 0.181868 0.029271 0.042154
1 0.619188 0.238352 0.040604 0.065852
0 0.756297 0.173173 0.032156 0.043728
1 0.249078 0.281417 0.064823 0.119574
0 0.649969 0.354111 0.051042 0.076926
0 0.404187 0.285963 0.043937 0.063074
0 0.741630 0.356278 0.060156 0.081259
0 0.820078 0.346806 0.062823 0.084426
1 0.304521 0.229074 0.052604 0.093111
0 0.871073 0.285769 0.055042 0.065056
0 0.684745 0.551639 0.085490 0.145648
0 0.417187 0.183642 0.029042 0.041754
0 0.379745 0.177521 0.027927 0.041365
