0 0.759521 0.181472 0.037708 0.054796
0 0.651297 0.237565 0.043490 0.069019
0 0.218188 0.427389 0.093271 0.147630
0 0.386740 0.336528 0.057042 0.091537
0 0.457630 0.343056 0.062823 0.091926
0 0.781964 0.372287 0.070156 0.097463
0 0.688630 0.376426 0.062156 0.102593
0 0.854187 0.307491 0.061271 0.069019
0 0.859521 0.226306 0.050146 0.063870
0 0.709521 0.540981 0.087938 0.141704
1 0.383297 0.244880 0.051490 0.092315
1 0.303745 0.209318 0.045260 0.071772
0 0.371964 0.211497 0.042594 0.058746
0 0.870635 0.561907 0.096375 0.146444
0 0.499297 0.207148 0.036823 0.065852
0 0.946521 0.454454 0.083708 0.138537
0 0.449297 0.170602 0.029260 0.052019
