0 0.312188 0.501667 0.093271 0.181593
0 0.401078 0.612278 0.095490 0.221111
0 0.198297 0.383148 0.065490 0.074926
0 0.644964 0.203395 0.036594 0.059135
0 0.751073 0.178706 0.031042 0.041365
0 0.712740 0.216231 0.041042 0.053204
0 0.805521 0.180676 0.037708 0.041352
0 0.802187 0.256731 0.044375 0.059130
0 0.669406 0.323889 0.054375 0.082852
0 0.760521 0.326852 0.054375 0.084815
0 0.694406 0.462167 0.077708 0.114444
0 0.854406 0.316972 0.057708 0.069019
0 0.945521 0.317963 0.059937 0.078889
0 0.962745 0.496731 0.076594 0.112463
0 0.949411 0.765370 0.103260 0.215185
1 0.464969 0.175744 0.041042 0.082846
