0 0.648630 0.252389 0.041260 0.064667
0 0.348406 0.415148 0.068375 0.102593
0 0.718964 0.262657 0.043260 0.066241
1 0.435854 0.442407 0.067708 0.141296
0 0.802073 0.197077 0.037042 0.054402
0 0.673740 0.363194 0.056375 0.085611
0 0.766854 0.366750 0.063042 0.091130
0 0.432297 0.295444 0.047260 0.074926
0 0.306406 0.245463 0.039042 0.056370
0 0.878630 0.385713 0.072823 0.090352
0 0.719073 0.621565 0.105708 0.176463
1 0.406078 0.193719 0.030823 0.058746
0 0.950188 0.340481 0.075479 0.080481
0 0.945854 0.679639 0.110375 0.183574
0 0.512073 0.176923 0.030375 0.048857
