0 0.722188 0.166855 0.028813 0.041365
0 0.051597 0.707093 0.101111 0.185556
0 0.653854 0.273519 0.041042 0.069000
0 0.370521 0.374259 0.058813 0.088778
0 0.727745 0.285370 0.046594 0.072963
1 0.454406 0.388083 0.057708 0.116426
0 0.815521 0.212287 0.037708 0.053204
0 0.682745 0.397963 0.063260 0.092704
0 0.784964 0.405870 0.072156 0.096667
0 0.441078 0.270556 0.042156 0.067037
0 0.324406 0.228083 0.037708 0.057167
0 0.910521 0.431546 0.081042 0.100611
0 0.742745 0.728824 0.129927 0.205315
1 0.416073 0.180676 0.027708 0.053204
0 0.973297 0.374259 0.055490 0.084815
0 0.969411 0.804870 0.063260 0.215185
