0 0.682187 0.166065 0.031042 0.050056
1 0.108741 0.833722 0.159705 0.288667
0 0.415740 0.546898 0.087042 0.164611
0 0.630073 0.216231 0.035708 0.054796
0 0.280745 0.361222 0.064594 0.084815
0 0.373745 0.378407 0.061260 0.093889
0 0.486411 0.316972 0.045260 0.078500
0 0.757630 0.163494 0.029490 0.040172
0 0.337078 0.292880 0.046594 0.067426
0 0.399745 0.298009 0.042594 0.067426
0 0.651297 0.307889 0.046594 0.083222
0 0.750521 0.340880 0.055271 0.097056
0 0.500302 0.234602 0.034375 0.058352
0 0.736073 0.656139 0.114375 0.202944
0 0.913969 0.434509 0.079042 0.104167
0 0.498078 0.188188 0.028156 0.046106
2 0.451745 0.183840 0.035927 0.095876
0 0.411745 0.181664 0.033260 0.048857
