0 0.608630 0.168238 0.027927 0.043339
0 0.199854 0.474213 0.083271 0.118796
0 0.028931 0.622556 0.055778 0.138148
0 0.740854 0.174361 0.028813 0.040574
0 0.674302 0.209713 0.033042 0.047278
0 0.339302 0.409815 0.071042 0.125111
0 0.458297 0.363981 0.051260 0.091926
0 0.389297 0.308676 0.054156 0.086389
0 0.332302 0.282602 0.046375 0.064278
0 0.642406 0.358065 0.049708 0.080870
0 0.305406 0.247639 0.043708 0.058352
0 0.442521 0.233028 0.038375 0.059130
0 0.505302 0.213269 0.032375 0.054389
0 0.453969 0.185419 0.029708 0.045309
0 0.745188 0.762407 0.122813 0.198185
0 0.415187 0.172781 0.029479 0.046106
