0 0.646630 0.240926 0.038594 0.059926
0 0.717078 0.253370 0.045260 0.071370
0 0.220073 0.529519 0.090375 0.133815
0 0.356630 0.404287 0.067490 0.117204
1 0.434411 0.483296 0.073260 0.159074
0 0.809297 0.188781 0.035927 0.052031
0 0.748630 0.210706 0.038156 0.057957
0 0.491964 0.285759 0.042594 0.070593
0 0.823969 0.313028 0.055042 0.072167
0 0.369964 0.252981 0.038594 0.058741
0 0.752635 0.662056 0.103042 0.164222
0 0.461297 0.194898 0.028823 0.043722
0 0.935297 0.729417 0.131490 0.176463
1 0.518073 0.177516 0.029042 0.054783
