0 0.644297 0.238759 0.037927 0.063481
0 0.325073 0.463148 0.075042 0.115630
0 0.711630 0.246657 0.040594 0.062685
1 0.416854 0.502852 0.079042 0.167370
0 0.791740 0.186410 0.033708 0.052031
0 0.666406 0.334157 0.051042 0.077315
0 0.754854 0.338898 0.059042 0.082833
0 0.424630 0.320333 0.050594 0.082037
0 0.289740 0.262648 0.044375 0.062296
0 0.855297 0.351343 0.066156 0.085611
0 0.704073 0.549269 0.094375 0.157500
1 0.397078 0.202608 0.034156 0.062302
0 0.925188 0.316778 0.069479 0.078111
0 0.917188 0.596083 0.115708 0.163426
0 0.507740 0.188182 0.033708 0.052413
