0 0.618078 0.186410 0.028594 0.042550
0 0.677745 0.184040 0.031490 0.044920
0 0.725521 0.164679 0.025271 0.041754
0 0.634635 0.228676 0.035042 0.055981
0 0.304187 0.547694 0.094146 0.140130
0 0.704635 0.233815 0.043042 0.059926
0 0.353078 0.286352 0.043490 0.067037
0 0.773740 0.170210 0.029708 0.042543
0 0.257854 0.321917 0.056604 0.084426
0 0.485078 0.322898 0.044823 0.073759
0 0.388854 0.228676 0.036813 0.056759
0 0.507521 0.251787 0.035042 0.057167
1 0.437740 0.239148 0.044375 0.103778
0 0.796854 0.237176 0.045271 0.071389
0 0.334630 0.226306 0.035490 0.055981
0 0.675302 0.408435 0.065708 0.099426
0 0.854187 0.342056 0.061708 0.083630
0 0.888635 0.419889 0.068375 0.100222
0 0.462854 0.205762 0.030604 0.052809
0 0.941521 0.334750 0.063938 0.080870
