0 0.196740 0.524185 0.091708 0.120778
0 0.170741 0.824037 0.147705 0.220333
1 0.642078 0.247444 0.033927 0.069000
0 0.714630 0.244481 0.042594 0.055185
0 0.755411 0.213870 0.036594 0.049259
1 0.363745 0.383148 0.079927 0.170556
0 0.732073 0.293269 0.046375 0.067426
0 0.804411 0.203194 0.037260 0.048463
0 0.813297 0.288926 0.050156 0.062704
0 0.673078 0.418111 0.061260 0.106148
0 0.494406 0.276287 0.043042 0.076130
0 0.442745 0.274111 0.039260 0.065444
0 0.370854 0.262648 0.042604 0.059926
0 0.456078 0.239546 0.035260 0.050833
0 0.418964 0.206558 0.029927 0.047291
0 0.387854 0.193521 0.031271 0.044920
0 0.884630 0.287352 0.053260 0.068222
0 0.529745 0.201818 0.028823 0.049661
0 0.438854 0.461759 0.072375 0.121556
