0 0.618854 0.184034 0.027938 0.041746
0 0.686740 0.199247 0.034375 0.057950
0 0.635521 0.229074 0.038604 0.062296
0 0.175964 0.397176 0.077260 0.102981
0 0.426630 0.472426 0.073260 0.119185
1 0.267188 0.388287 0.077042 0.127870
0 0.757411 0.223944 0.037490 0.059926
0 0.804964 0.193127 0.032594 0.048080
0 0.741969 0.289713 0.047042 0.073759
0 0.678635 0.316574 0.048375 0.072963
0 0.837521 0.306315 0.056375 0.084815
0 0.667630 0.430167 0.066823 0.104963
0 0.785969 0.386704 0.063042 0.089963
0 0.439630 0.254361 0.037927 0.061500
0 0.778854 0.844380 0.139479 0.226241
