0 0.297854 0.755889 0.149042 0.283148
0 0.709073 0.224333 0.037708 0.057556
0 0.241740 0.331000 0.060375 0.082852
0 0.647521 0.235787 0.035042 0.056759
0 0.390630 0.359046 0.058594 0.105759
0 0.783187 0.173565 0.032146 0.046093
0 0.774635 0.233611 0.040375 0.058741
0 0.767969 0.347991 0.057708 0.082833
0 0.832854 0.210308 0.042146 0.059531
0 0.692073 0.376435 0.063708 0.087574
0 0.838521 0.467296 0.082812 0.113667
0 0.517969 0.240537 0.037708 0.064667
1 0.918964 0.394213 0.070823 0.113648
0 0.784297 0.770500 0.123260 0.193852
0 0.973854 0.364185 0.054375 0.084407
0 0.480521 0.186410 0.029479 0.047291
0 0.430078 0.181861 0.029490 0.046093
