0 0.670188 0.178111 0.027479 0.038593
0 0.636188 0.206361 0.032375 0.047685
0 0.043375 0.715593 0.084667 0.217556
0 0.714187 0.174160 0.026604 0.051235
0 0.697187 0.227296 0.037479 0.054778
0 0.643964 0.234009 0.036823 0.060315
0 0.265854 0.509963 0.084146 0.122333
0 0.437297 0.509370 0.073260 0.129074
0 0.051597 0.523787 0.101111 0.153944
0 0.771635 0.236778 0.038375 0.053222
1 0.769073 0.178901 0.032375 0.051235
0 0.651406 0.318556 0.047708 0.074556
0 0.799854 0.285370 0.049479 0.072963
1 0.487188 0.273917 0.043708 0.084019
0 0.455854 0.226704 0.033042 0.054407
0 0.779188 0.427787 0.074375 0.127870
1 0.402630 0.218213 0.030156 0.061907
0 0.959187 0.512130 0.083708 0.113259
0 0.434078 0.185423 0.025490 0.039783
