0 0.059818 0.699204 0.117552 0.190296
0 0.649187 0.212278 0.033937 0.051630
0 0.187630 0.752333 0.139260 0.218333
1 0.724630 0.238157 0.038594 0.079685
1 0.660964 0.297222 0.051260 0.094296
0 0.792188 0.231046 0.045271 0.063093
0 0.768630 0.303546 0.053260 0.081648
0 0.381745 0.357870 0.058156 0.095481
0 0.811740 0.185818 0.036375 0.050846
0 0.484297 0.312241 0.049927 0.082444
0 0.379854 0.234019 0.040604 0.056370
1 0.722073 0.487250 0.082375 0.166204
0 0.876745 0.241315 0.049490 0.059926
0 0.444854 0.246657 0.043479 0.071389
0 0.886521 0.355685 0.066812 0.084815
0 0.903630 0.571194 0.108594 0.143685
