0 0.617964 0.209324 0.031490 0.051241
0 0.146078 0.787102 0.146823 0.211241
0 0.672187 0.201818 0.033708 0.052031
0 0.728964 0.212481 0.037927 0.053593
1 0.078745 0.443204 0.124156 0.204519
0 0.766302 0.180086 0.033042 0.048865
0 0.630187 0.271741 0.044375 0.072556
0 0.354411 0.259694 0.041260 0.060315
0 0.292411 0.267787 0.043927 0.060722
0 0.828964 0.296824 0.051260 0.069796
0 0.766297 0.414750 0.065490 0.091537
0 0.437078 0.215639 0.035927 0.058352
0 0.498630 0.210312 0.030156 0.051635
0 0.456297 0.180086 0.031260 0.048865
