0 0.630969 0.180090 0.025042 0.043339
0 0.677078 0.171590 0.028823 0.050043
1 0.351078 0.761417 0.103490 0.272870
0 0.700302 0.221176 0.033042 0.051241
1 0.658521 0.280435 0.056604 0.122352
0 0.725969 0.276481 0.040375 0.062296
0 0.771964 0.219991 0.040823 0.060722
0 0.339964 0.444778 0.067490 0.109704
0 0.453521 0.418315 0.055938 0.104963
0 0.263969 0.394407 0.065708 0.087963
0 0.345411 0.291694 0.054823 0.071389
0 0.816521 0.471046 0.084146 0.121167
0 0.452411 0.217009 0.037260 0.059500
0 0.409073 0.201417 0.031042 0.047278
0 0.514745 0.211685 0.032156 0.050444
0 0.967964 0.510759 0.066156 0.112074
