0 0.619854 0.178898 0.027271 0.040167
0 0.646630 0.211099 0.031490 0.053209
0 0.700854 0.244093 0.038146 0.057556
1 0.753078 0.226704 0.038594 0.065444
0 0.772521 0.180481 0.030375 0.045704
0 0.658406 0.298407 0.043042 0.069000
0 0.295187 0.351343 0.058813 0.093500
0 0.149521 0.440231 0.077271 0.107722
0 0.791073 0.208926 0.031042 0.048074
0 0.752521 0.334759 0.052146 0.080074
0 0.677297 0.355889 0.054594 0.092333
0 0.385411 0.279056 0.041927 0.058741
0 0.503745 0.275889 0.037260 0.060333
0 0.291964 0.273907 0.047927 0.070593
0 0.830187 0.245667 0.035937 0.056778
0 0.853188 0.343444 0.057479 0.072963
1 0.854406 0.263639 0.051042 0.072167
0 0.714964 0.572583 0.089927 0.140907
0 0.924411 0.457222 0.086156 0.111667
1 0.520854 0.182657 0.030146 0.054796
