0 0.661630 0.171790 0.025490 0.039383
0 0.712188 0.174753 0.024375 0.033457
0 0.626635 0.204380 0.031042 0.053204
0 0.101077 0.919694 0.166597 0.164315
0 0.203297 0.504630 0.086594 0.120370
0 0.255521 0.346602 0.059937 0.076907
0 0.437188 0.566852 0.081042 0.138148
1 0.381078 0.381176 0.053260 0.106537
0 0.796073 0.208333 0.034375 0.045296
0 0.768302 0.244880 0.041042 0.063093
0 0.661630 0.309074 0.038823 0.069000
0 0.478302 0.372287 0.047708 0.076907
0 0.749969 0.334750 0.051042 0.076907
0 0.834964 0.251787 0.043260 0.057167
0 0.492188 0.262657 0.039938 0.074944
0 0.851635 0.559935 0.094375 0.128278
0 0.388297 0.209315 0.029927 0.043333
0 0.733297 0.690306 0.095490 0.163833
0 0.501635 0.185618 0.027708 0.047283
0 0.968297 0.396981 0.065490 0.090741
0 0.986078 0.606361 0.029927 0.098648
