0 0.684745 0.194111 0.027260 0.042148
0 0.631964 0.205571 0.029260 0.049265
0 0.733297 0.183442 0.027927 0.038191
0 0.652854 0.271944 0.036813 0.065852
0 0.417969 0.508972 0.080375 0.133019
0 0.776745 0.242907 0.041490 0.055185
0 0.744521 0.305519 0.047708 0.070593
0 0.830411 0.228880 0.043927 0.054796
0 0.396297 0.296231 0.049927 0.070981
0 0.839297 0.308880 0.056823 0.065463
0 0.702635 0.466306 0.064375 0.106944
1 0.846411 0.505222 0.074594 0.155519
0 0.902964 0.299787 0.054823 0.067833
1 0.357745 0.202009 0.040823 0.065056
0 0.926297 0.452083 0.084594 0.125907
0 0.466745 0.194898 0.029927 0.041352
