0 0.326745 0.845963 0.130823 0.238889
0 0.635969 0.218019 0.033708 0.062296
0 0.732854 0.183444 0.029708 0.042148
0 0.413297 0.489028 0.070594 0.117611
2 0.247630 0.555991 0.129927 0.309204
0 0.132630 0.542361 0.107927 0.149204
0 0.767188 0.171595 0.030375 0.043735
0 0.193964 0.368537 0.066594 0.088370
0 0.319302 0.331000 0.056375 0.074926
0 0.317188 0.249815 0.038812 0.051630
0 0.682521 0.448722 0.066375 0.093111
0 0.837297 0.532870 0.095490 0.131037
0 0.906740 0.408037 0.067708 0.097074
0 0.752635 0.776833 0.121708 0.186741
