0 0.624187 0.189565 0.029271 0.044907
0 0.722630 0.187593 0.028823 0.045704
0 0.698854 0.222157 0.035042 0.054796
0 0.655187 0.236389 0.035271 0.051630
0 0.769187 0.232435 0.039708 0.064278
0 0.639854 0.292685 0.043708 0.067037
0 0.719740 0.261472 0.039042 0.055981
0 0.359297 0.445769 0.063927 0.105352
0 0.684297 0.431741 0.063260 0.103370
0 0.829411 0.491194 0.081490 0.114056
1 0.890630 0.396778 0.069260 0.115630
0 0.913188 0.303343 0.057479 0.067833
0 0.790188 0.773667 0.123938 0.187519
0 0.417187 0.192725 0.027708 0.052809
0 0.374740 0.196287 0.029042 0.044130
