0 0.226411 0.056037 0.023927 0.032270
0 0.349745 0.697417 0.152823 0.226241
0 0.872078 0.783546 0.194823 0.276019
0 0.272521 0.074803 0.032604 0.038198
0 0.311969 0.070062 0.033708 0.038198
0 0.246073 0.085074 0.031708 0.033456
0 0.300745 0.114902 0.037490 0.036222
0 0.229521 0.269370 0.063938 0.082852
1 0.101519 0.222558 0.047482 0.095883
1 0.403411 0.100679 0.047260 0.055976
0 0.435302 0.090209 0.036375 0.042148
0 0.131187 0.156382 0.038812 0.056765
1 0.538078 0.154803 0.065490 0.066246
0 0.100078 0.119839 0.033490 0.049259
1 0.609406 0.147889 0.070375 0.070593
0 0.592521 0.222553 0.077042 0.078487
0 0.029264 0.305713 0.056445 0.108907
0 0.102297 0.068481 0.024594 0.031878
1 0.010264 0.174157 0.018445 0.078093
0 0.943078 0.459194 0.115927 0.114056
