0 0.783188 0.899935 0.250812 0.203833
0 0.520964 0.959991 0.167260 0.083722
0 0.747635 0.630463 0.198375 0.209259
0 0.464297 0.505222 0.135260 0.168185
0 0.231630 0.067889 0.034823 0.033063
0 0.257188 0.053271 0.034375 0.034643
0 0.331630 0.043593 0.029927 0.036619
0 0.162406 0.317176 0.069708 0.103389
0 0.312078 0.108975 0.045927 0.044913
0 0.431521 0.135444 0.059937 0.052026
0 0.161740 0.183444 0.048375 0.063481
0 0.438297 0.172382 0.049927 0.050050
0 0.104522 0.114309 0.036601 0.051630
0 0.596187 0.259296 0.088813 0.079296
0 0.686630 0.248037 0.089260 0.086000
0 0.740745 0.221766 0.083260 0.081654
0 0.828745 0.217614 0.101927 0.078883
0 0.063632 0.055382 0.055264 0.107061
0 0.118074 0.070259 0.030372 0.035433
