0 0.358406 0.881176 0.161708 0.241352
0 0.299964 0.056630 0.035490 0.032667
0 0.255078 0.059395 0.028823 0.035828
0 0.246969 0.083889 0.034375 0.034248
0 0.359297 0.056037 0.036823 0.041752
0 0.385188 0.090606 0.045042 0.042148
1 0.334521 0.239349 0.078812 0.114450
0 0.223635 0.255944 0.062375 0.086000
1 0.071854 0.220380 0.060152 0.130241
0 0.202521 0.142358 0.050375 0.072172
0 0.499078 0.103839 0.047927 0.048074
0 0.388521 0.157766 0.054375 0.043728
0 0.098853 0.126951 0.036816 0.061902
0 0.038153 0.416528 0.074222 0.131426
0 0.713302 0.211692 0.091042 0.078098
0 0.691854 0.254556 0.099271 0.089556
0 0.669740 0.310259 0.105708 0.099815
0 0.052409 0.073618 0.028375 0.038987
