0 0.373302 0.531296 0.124375 0.165815
0 0.210521 0.059197 0.032146 0.035431
0 0.258854 0.057222 0.028813 0.039381
0 0.303854 0.055247 0.034375 0.039383
0 0.305521 0.036481 0.031042 0.029507
0 0.246635 0.244880 0.151042 0.240870
0 0.464411 0.360435 0.102156 0.124315
1 0.378854 0.077963 0.044375 0.057159
0 0.162188 0.488833 0.093271 0.155926
0 0.323297 0.111543 0.046594 0.037407
0 0.363854 0.103643 0.047708 0.049259
0 0.479969 0.154997 0.064375 0.069006
0 0.577188 0.157963 0.063271 0.067037
0 0.667188 0.194503 0.081042 0.072957
0 0.103856 0.118456 0.036601 0.051235
0 0.161635 0.108581 0.034375 0.047283
0 0.046632 0.128333 0.035486 0.055185
0 0.653297 0.153024 0.073260 0.061111
0 0.106078 0.060185 0.032156 0.045307
0 0.809411 0.371296 0.143260 0.106556
0 0.932745 0.347593 0.136594 0.122333
