0 0.905964 0.777620 0.190156 0.256278
0 0.274854 0.053865 0.029708 0.030296
1 0.389745 0.413574 0.114156 0.180815
0 0.405969 0.328630 0.089708 0.096259
0 0.415188 0.767935 0.205937 0.343574
0 0.362635 0.065320 0.031042 0.032667
0 0.356964 0.085469 0.038823 0.047680
0 0.276745 0.094951 0.038823 0.038198
0 0.126408 0.238750 0.051039 0.079278
0 0.196521 0.218410 0.052604 0.070994
1 0.451964 0.091395 0.044823 0.054791
0 0.428187 0.111345 0.039938 0.059135
0 0.363302 0.118062 0.043042 0.044913
0 0.141635 0.178308 0.043708 0.071383
0 0.205078 0.149074 0.046156 0.061900
0 0.123078 0.127543 0.030594 0.048074
0 0.115632 0.639148 0.110820 0.217148
0 0.050965 0.137025 0.031264 0.051235
0 0.546745 0.203794 0.069927 0.064672
0 0.458188 0.199244 0.060375 0.051624
0 0.143187 0.097913 0.030375 0.036222
0 0.011153 0.118456 0.020222 0.041754
0 0.648297 0.271741 0.092594 0.086000
0 0.798745 0.269176 0.103260 0.085611
1 0.080299 0.081320 0.027708 0.052815
