0 0.533854 0.436093 0.119708 0.145259
0 0.206521 0.066506 0.030375 0.035037
0 0.312297 0.069271 0.032594 0.033457
1 0.261630 0.283000 0.077490 0.125889
0 0.290187 0.233611 0.056375 0.072963
0 0.213745 0.428185 0.103490 0.166593
0 0.417187 0.087246 0.038375 0.033852
0 0.420078 0.110753 0.047260 0.053209
0 0.336406 0.130111 0.049708 0.051630
0 0.089745 0.193713 0.043490 0.062685
0 0.144969 0.167645 0.039708 0.058746
1 0.533745 0.121815 0.055490 0.065852
0 0.516745 0.148481 0.048156 0.070989
0 0.446745 0.160139 0.055260 0.054796
0 0.098964 0.145914 0.036594 0.057161
0 0.157969 0.114308 0.036375 0.050050
0 0.095519 0.103642 0.028816 0.038987
0 0.034708 0.335741 0.067333 0.100222
0 0.030854 0.110556 0.028375 0.044122
0 0.694411 0.278056 0.093260 0.078889
0 0.610188 0.287148 0.086604 0.074926
0 0.111187 0.078556 0.026375 0.040174
0 0.008931 0.092976 0.015778 0.037407
