1 0.246854 0.044581 0.025271 0.033061
0 0.234188 0.062160 0.029271 0.041357
0 0.275297 0.079939 0.031490 0.039778
0 0.210630 0.074407 0.026594 0.032667
0 0.165854 0.369722 0.075708 0.109704
0 0.422521 0.362009 0.085938 0.118796
0 0.337187 0.112333 0.044146 0.042937
0 0.385078 0.102655 0.042156 0.044913
0 0.341078 0.133272 0.042594 0.046889
0 0.398411 0.174756 0.055490 0.046894
0 0.148521 0.175744 0.043708 0.061513
1 0.059854 0.156778 0.037485 0.069407
1 0.523521 0.151046 0.066146 0.076907
0 0.591745 0.152037 0.065260 0.059926
0 0.088188 0.109963 0.029708 0.041359
1 0.739854 0.241324 0.104146 0.091537
0 0.063187 0.090606 0.026819 0.037407
1 0.898411 0.250602 0.116823 0.111685
0 0.898297 0.369519 0.136156 0.117222
