0 0.761745 0.620389 0.209260 0.260222
0 0.199187 0.055049 0.029042 0.031876
0 0.232745 0.046951 0.026823 0.030691
0 0.278187 0.040828 0.024375 0.027926
1 0.559635 0.605176 0.154375 0.260611
0 0.254745 0.514306 0.102823 0.157907
1 0.275854 0.062556 0.038375 0.056370
0 0.249188 0.084284 0.038375 0.034246
0 0.376964 0.063938 0.035260 0.039383
0 0.291078 0.214651 0.056823 0.072957
1 0.375630 0.109766 0.049927 0.056765
0 0.408635 0.093173 0.039042 0.044124
0 0.469630 0.156976 0.056156 0.054000
0 0.386302 0.154407 0.047708 0.049656
0 0.102965 0.267194 0.060153 0.086389
0 0.047966 0.144333 0.040375 0.054000
0 0.161521 0.119642 0.035937 0.051235
0 0.627964 0.234213 0.090156 0.073352
0 0.711302 0.217618 0.089708 0.078098
0 0.929854 0.392037 0.142375 0.112481
0 0.962297 0.482704 0.077490 0.075741
0 0.061521 0.068283 0.028375 0.033852
