0 0.247521 0.036284 0.029708 0.033061
0 0.190411 0.051889 0.030594 0.032667
0 0.291969 0.031938 0.029708 0.030691
0 0.312969 0.059987 0.035708 0.033852
1 0.588521 0.442213 0.159271 0.211241
0 0.389630 0.440037 0.107260 0.140519
1 0.133408 0.375833 0.097039 0.208074
0 0.294854 0.216831 0.067937 0.090746
0 0.389854 0.064531 0.037479 0.041357
0 0.285187 0.104828 0.040146 0.037407
0 0.158854 0.189169 0.054146 0.081254
0 0.188854 0.919889 0.149708 0.163926
0 0.521745 0.135444 0.059490 0.059137
0 0.469078 0.149469 0.059490 0.062691
0 0.452411 0.183836 0.062156 0.058735
0 0.081854 0.104432 0.038375 0.048469
