1 0.219078 0.042210 0.027490 0.047283
0 0.194745 0.060580 0.028156 0.030296
0 0.302745 0.045766 0.024594 0.032272
0 0.498521 0.396778 0.106375 0.129852
1 0.294745 0.080926 0.038823 0.053604
0 0.312964 0.064926 0.030823 0.040567
0 0.354073 0.111741 0.042375 0.048863
0 0.279630 0.103839 0.033490 0.043333
0 0.259297 0.538796 0.117260 0.171333
0 0.087632 0.220389 0.053486 0.069407
0 0.248745 0.200429 0.049490 0.068217
0 0.448630 0.156581 0.057260 0.055580
0 0.507521 0.144729 0.059479 0.053209
0 0.534630 0.215247 0.078594 0.068617
0 0.593635 0.273315 0.089042 0.071778
0 0.096189 0.109568 0.033268 0.046098
1 0.031410 0.106013 0.030820 0.056370
1 0.750521 0.230855 0.103271 0.110106
0 0.931411 0.270750 0.113927 0.095870
