0 0.443406 0.760824 0.210375 0.345944
0 0.554302 0.612481 0.147708 0.196222
0 0.605745 0.491398 0.134594 0.160278
0 0.202635 0.868093 0.144375 0.253111
0 0.419302 0.143544 0.043042 0.052420
0 0.494078 0.133469 0.056594 0.055976
0 0.398078 0.164484 0.052594 0.053217
0 0.259854 0.287935 0.061937 0.093907
0 0.132854 0.282019 0.053708 0.090741
0 0.593745 0.218806 0.073260 0.072574
0 0.198073 0.217423 0.047708 0.072969
0 0.675521 0.209716 0.080812 0.082050
0 0.638745 0.289917 0.085927 0.080463
1 0.247854 0.168831 0.041937 0.080080
0 0.880964 0.237370 0.096156 0.079667
