0 0.515297 0.438259 0.125260 0.144074
0 0.286854 0.050506 0.032813 0.037013
0 0.189521 0.055840 0.030146 0.041357
0 0.347411 0.052086 0.032156 0.033061
0 0.267964 0.313222 0.084823 0.120778
0 0.415297 0.072037 0.039927 0.037407
1 0.420521 0.101074 0.041479 0.063085
0 0.102745 0.136431 0.037490 0.070593
0 0.170078 0.123197 0.038823 0.052024
0 0.491521 0.168432 0.059042 0.060320
0 0.513630 0.227694 0.073927 0.069019
1 0.584854 0.136828 0.074604 0.070593
0 0.073964 0.550657 0.099927 0.170537
0 0.022375 0.124581 0.042667 0.047680
0 0.635078 0.233423 0.100823 0.104969
1 0.807521 0.249611 0.094604 0.107333
0 0.062965 0.088432 0.028153 0.037802
