0 0.301078 0.046357 0.033260 0.037407
0 0.244969 0.068087 0.034375 0.037407
0 0.232745 0.045370 0.029927 0.035433
1 0.499964 0.385130 0.115490 0.173704
0 0.264964 0.311046 0.072156 0.104574
0 0.162187 0.361417 0.079937 0.118389
0 0.360521 0.070061 0.038812 0.049259
0 0.303297 0.228093 0.062156 0.084815
0 0.198854 0.212284 0.059937 0.076913
0 0.349964 0.119444 0.046594 0.045307
0 0.392745 0.108580 0.052156 0.055185
0 0.501078 0.096728 0.048823 0.055185
0 0.076077 0.158954 0.038820 0.057167
0 0.529964 0.216234 0.079927 0.069013
0 0.784969 0.285370 0.121042 0.092704
0 0.085521 0.091790 0.031042 0.041357
0 0.836630 0.371296 0.113260 0.094704
