0 0.200854 0.062951 0.025708 0.027135
0 0.730635 0.857472 0.251042 0.288759
1 0.267854 0.520037 0.109938 0.208074
1 0.280854 0.053469 0.031042 0.044519
0 0.293630 0.345222 0.081490 0.108926
1 0.351854 0.083099 0.038375 0.050839
0 0.187187 0.218410 0.050813 0.075735
1 0.373745 0.068086 0.038156 0.050839
0 0.353521 0.111939 0.040375 0.049259
0 0.169188 0.118655 0.035271 0.048469
1 0.080297 0.430361 0.088594 0.185944
0 0.431078 0.181664 0.067490 0.063080
0 0.581635 0.172380 0.071708 0.065056
1 0.091632 0.093766 0.032153 0.055580
0 0.110630 0.075988 0.027927 0.038198
0 0.021486 0.241713 0.040889 0.079685
0 0.018264 0.117864 0.034445 0.053209
0 0.877188 0.255537 0.108146 0.086000
