1 0.791406 0.811194 0.297042 0.356611
0 0.605297 0.506213 0.142156 0.174093
0 0.472073 0.099691 0.045042 0.051630
1 0.246188 0.431352 0.097708 0.185556
0 0.433740 0.140382 0.053708 0.057161
0 0.059298 0.343444 0.062597 0.104556
0 0.608630 0.139395 0.063490 0.066246
0 0.204969 0.255343 0.057042 0.080870
0 0.642406 0.283000 0.095042 0.084815
1 0.024264 0.224528 0.046445 0.102981
0 0.159406 0.186016 0.049042 0.071783
0 0.791969 0.245269 0.101708 0.084426
0 0.826078 0.315204 0.127260 0.109704
0 0.942411 0.253769 0.117260 0.093500
0 0.218411 0.153419 0.046156 0.062691
