0 0.543297 0.627102 0.175490 0.219130
0 0.310521 0.057222 0.032146 0.035433
0 0.299411 0.080926 0.036594 0.043333
0 0.372745 0.040370 0.085490 0.077037
1 0.312745 0.235000 0.072156 0.098630
0 0.324964 0.118456 0.045490 0.039383
0 0.566630 0.156979 0.068823 0.061117
0 0.521078 0.220185 0.068823 0.061111
0 0.533854 0.186608 0.076604 0.061117
1 0.151078 0.103642 0.039927 0.057161
0 0.085521 0.106605 0.031042 0.047283
0 0.021597 0.126358 0.041111 0.051235
0 0.788854 0.244870 0.099937 0.090741
0 0.111078 0.074012 0.028823 0.041357
0 0.059410 0.076976 0.029930 0.043333
0 0.949411 0.446352 0.103260 0.102593
