1 0.164967 0.736731 0.147711 0.335685
0 0.531078 0.621176 0.162156 0.207278
0 0.487187 0.089815 0.047708 0.049259
0 0.644964 0.514509 0.152156 0.175685
0 0.356635 0.662657 0.137708 0.219130
0 0.457745 0.110556 0.046594 0.051233
0 0.377745 0.393028 0.099927 0.130241
0 0.383854 0.142160 0.056604 0.059135
0 0.418854 0.123395 0.048813 0.057161
0 0.197740 0.410806 0.097708 0.153944
0 0.172188 0.302157 0.064375 0.098648
0 0.307188 0.228093 0.063271 0.084815
0 0.677187 0.231046 0.089938 0.082833
0 0.673302 0.291296 0.097708 0.088778
