0 0.293745 0.034308 0.021260 0.029902
1 0.273187 0.043790 0.026375 0.039383
0 0.225745 0.303741 0.075490 0.132630
0 0.337745 0.269963 0.072823 0.094296
0 0.293411 0.077173 0.032594 0.035828
0 0.295297 0.113717 0.042156 0.038593
1 0.351630 0.060778 0.042823 0.048074
0 0.076854 0.214256 0.053708 0.076117
0 0.340188 0.101271 0.049708 0.057950
1 0.483521 0.123395 0.048375 0.069802
0 0.141302 0.174358 0.048375 0.062691
0 0.080632 0.129717 0.034153 0.051630
0 0.158187 0.113519 0.045708 0.062693
0 0.643745 0.160729 0.072823 0.061506
0 0.543297 0.195886 0.070594 0.084413
0 0.670740 0.303148 0.109042 0.106148
0 0.017486 0.111938 0.032889 0.045309
0 0.020931 0.352722 0.039778 0.119185
0 0.970630 0.344630 0.060823 0.085593
