0 0.290521 0.042407 0.032146 0.037407
0 0.235521 0.066111 0.033271 0.037407
0 0.221635 0.040432 0.027708 0.033457
1 0.561078 0.438454 0.126594 0.201352
0 0.291630 0.341667 0.083260 0.110481
0 0.180521 0.395000 0.089938 0.122333
0 0.343302 0.063148 0.037708 0.043333
0 0.326078 0.248824 0.072156 0.094685
0 0.216078 0.234009 0.063260 0.092722
0 0.332745 0.109568 0.043260 0.045309
0 0.374411 0.100680 0.048823 0.055185
0 0.477187 0.088827 0.045479 0.047283
0 0.083301 0.170806 0.044378 0.069019
0 0.494411 0.199444 0.079927 0.067037
0 0.724411 0.259685 0.108823 0.084815
0 0.091632 0.102654 0.032153 0.043333
0 0.762740 0.336731 0.101042 0.092722
0 0.076632 0.067099 0.024375 0.035431
