0 0.310411 0.051098 0.035927 0.037407
0 0.256078 0.074407 0.035260 0.040567
0 0.240740 0.046950 0.031708 0.038593
1 0.461745 0.352722 0.104823 0.159481
0 0.248073 0.290509 0.070375 0.098241
0 0.148854 0.336139 0.071042 0.108907
0 0.374297 0.075593 0.041490 0.047678
0 0.287297 0.213074 0.062156 0.080074
0 0.186854 0.199639 0.053708 0.076907
0 0.364630 0.128926 0.047490 0.048470
0 0.410078 0.118061 0.056594 0.055185
0 0.525521 0.105419 0.051479 0.053606
0 0.071188 0.150259 0.039708 0.058741
0 0.560187 0.230463 0.090604 0.075333
0 0.841411 0.314602 0.132594 0.100611
0 0.079743 0.086259 0.030153 0.046100
0 0.901521 0.406852 0.122146 0.115222
