0 0.216964 0.043593 0.027260 0.030296
0 0.880964 0.947741 0.212156 0.108222
0 0.208297 0.057815 0.022823 0.031085
0 0.248854 0.352731 0.078146 0.113648
0 0.250740 0.082309 0.037042 0.037407
0 0.305745 0.080729 0.035490 0.042939
0 0.349745 0.079148 0.038156 0.047678
0 0.360630 0.058012 0.034156 0.037802
0 0.175969 0.178312 0.113708 0.191487
0 0.314964 0.240731 0.071260 0.090352
1 0.446854 0.106210 0.058604 0.054394
0 0.099078 0.305917 0.064823 0.104574
0 0.394854 0.154803 0.052813 0.051235
0 0.448854 0.147494 0.056813 0.054791
0 0.615078 0.220386 0.083490 0.086006
0 0.723521 0.221766 0.087938 0.081654
0 0.841964 0.283981 0.110156 0.088370
0 0.071298 0.091000 0.028820 0.041359
0 0.122630 0.082704 0.031490 0.035826
0 0.018264 0.096729 0.034445 0.046494
0 0.860630 0.231639 0.107927 0.078500
