0 0.264630 0.043593 0.031490 0.033456
0 0.218521 0.043197 0.025042 0.034246
0 0.208078 0.060975 0.032156 0.031876
0 0.314302 0.039049 0.029042 0.034643
0 0.335188 0.070852 0.036146 0.041359
1 0.463740 0.341870 0.120375 0.165407
0 0.311073 0.352722 0.084375 0.116815
1 0.103967 0.299991 0.077711 0.171722
0 0.254854 0.181868 0.061271 0.080080
0 0.424964 0.079148 0.041490 0.042148
0 0.317521 0.120827 0.044813 0.037802
0 0.133411 0.161914 0.048594 0.070987
0 0.111964 0.688139 0.117260 0.222685
0 0.582073 0.157568 0.065042 0.065457
0 0.537297 0.180880 0.069260 0.072574
0 0.517297 0.221769 0.074156 0.066648
0 0.068298 0.089815 0.032597 0.038989
