0 0.736630 0.704380 0.528823 0.594944
1 0.260521 0.046358 0.029937 0.041357
0 0.199411 0.067099 0.029927 0.027531
0 0.229964 0.059197 0.028823 0.039383
0 0.291073 0.083889 0.037708 0.045307
0 0.364411 0.091791 0.039927 0.037407
0 0.429411 0.107593 0.045490 0.045307
0 0.226073 0.280435 0.067708 0.086796
0 0.304964 0.246852 0.063260 0.082852
0 0.149411 0.326852 0.065490 0.104556
0 0.391073 0.077963 0.037708 0.033456
0 0.189411 0.140185 0.049927 0.063085
0 0.401635 0.171790 0.054375 0.051235
0 0.475521 0.159935 0.055479 0.059130
0 0.545521 0.156972 0.059937 0.065056
1 0.109408 0.130308 0.034372 0.063087
0 0.042743 0.144135 0.034375 0.043333
0 0.042188 0.189568 0.042152 0.063087
0 0.026597 0.307102 0.051111 0.092722
1 0.609411 0.214256 0.092156 0.104561
0 0.602745 0.286361 0.089927 0.074944
0 0.837188 0.232037 0.096604 0.080852
0 0.097189 0.069074 0.023268 0.031481
1 0.941078 0.400926 0.119927 0.142111
