0 0.677521 0.775444 0.236813 0.275630
0 0.294411 0.049716 0.030156 0.039383
0 0.280411 0.072828 0.035927 0.042148
0 0.352521 0.035234 0.077937 0.066765
1 0.351521 0.267796 0.084375 0.116815
0 0.301188 0.104037 0.039271 0.038196
0 0.530078 0.143346 0.060156 0.057556
0 0.477297 0.194706 0.067490 0.056772
0 0.484302 0.162506 0.065042 0.057950
1 0.166630 0.115691 0.038156 0.064667
0 0.094189 0.117271 0.033268 0.049654
0 0.024931 0.137222 0.047778 0.052419
0 0.719406 0.216238 0.090375 0.084820
0 0.122073 0.081321 0.029042 0.041754
0 0.068188 0.082704 0.028819 0.041359
0 0.859964 0.387296 0.143490 0.104556
0 0.962964 0.392435 0.076156 0.093500
