0 0.574854 0.656139 0.165708 0.213204
0 0.285187 0.588380 0.115271 0.178833
0 0.396854 0.129519 0.044813 0.052815
0 0.372964 0.418907 0.093490 0.132222
0 0.457745 0.125765 0.051490 0.056370
0 0.368188 0.150259 0.047479 0.049259
1 0.416078 0.301963 0.073490 0.129852
0 0.571854 0.137222 0.053042 0.054000
0 0.608187 0.175145 0.065708 0.057154
0 0.502854 0.214657 0.070146 0.066648
0 0.611521 0.223148 0.079937 0.071778
0 0.698969 0.181864 0.070375 0.069013
0 0.043743 0.268574 0.050153 0.083630
0 0.112411 0.208534 0.043490 0.069413
0 0.793521 0.255343 0.096812 0.085611
0 0.726078 0.341861 0.106823 0.088759
0 0.156854 0.162114 0.045708 0.069809
