0 0.290073 0.037667 0.026375 0.028715
0 0.483630 0.555981 0.148594 0.217556
0 0.342964 0.052481 0.021927 0.030693
1 0.328964 0.067889 0.030823 0.044915
0 0.153073 0.208731 0.053708 0.090352
0 0.244630 0.187194 0.052823 0.070981
0 0.366073 0.110951 0.041042 0.041754
0 0.373188 0.151246 0.051271 0.050444
1 0.437969 0.087049 0.053708 0.057161
0 0.051409 0.169419 0.043708 0.065457
0 0.441745 0.144531 0.063490 0.066246
1 0.599406 0.169419 0.062375 0.082050
0 0.100743 0.128531 0.039264 0.046098
0 0.053965 0.096926 0.033264 0.042148
0 0.120074 0.081123 0.038372 0.052420
0 0.858630 0.233019 0.106156 0.078889
0 0.775964 0.304333 0.115490 0.114037
0 0.963854 0.455843 0.074375 0.089944
