1 0.414521 0.775444 0.176146 0.333296
1 0.257078 0.044975 0.027490 0.040172
0 0.409969 0.478352 0.112375 0.152370
1 0.316964 0.068481 0.034823 0.045307
0 0.234078 0.269565 0.062823 0.087981
1 0.330964 0.052679 0.035260 0.038987
0 0.315188 0.094160 0.034813 0.043728
0 0.201745 0.147889 0.043490 0.056370
1 0.149634 0.643093 0.129045 0.282741
0 0.364964 0.145914 0.054823 0.057950
0 0.505964 0.140778 0.058156 0.057952
1 0.110964 0.114111 0.037927 0.064667
0 0.133187 0.093370 0.027708 0.037407
0 0.035042 0.314611 0.068000 0.099037
0 0.036521 0.142556 0.042819 0.062296
0 0.737854 0.199442 0.082375 0.065450
0 0.827411 0.268778 0.112156 0.096667
0 0.773745 0.358463 0.142594 0.113259
0 0.027410 0.095544 0.029486 0.039383
0 0.066298 0.073617 0.022820 0.037407
