0 0.267188 0.043395 0.025479 0.027531
0 0.248297 0.060185 0.032156 0.033456
1 0.447187 0.349574 0.114375 0.150000
0 0.259964 0.085864 0.035490 0.041357
0 0.463854 0.119444 0.052146 0.053211
0 0.410521 0.162901 0.058813 0.045309
0 0.410521 0.132284 0.056604 0.047283
1 0.196078 0.143148 0.045490 0.072963
0 0.110521 0.139197 0.041042 0.057161
0 0.044409 0.162901 0.044375 0.057161
0 0.613854 0.181669 0.074375 0.070994
0 0.141630 0.099692 0.032156 0.045309
0 0.083854 0.099692 0.032152 0.045309
0 0.685521 0.297222 0.106604 0.080852
0 0.792740 0.301176 0.127708 0.104574
