0 0.284078 0.051889 0.034823 0.035037
0 0.237745 0.053864 0.028823 0.040569
0 0.229188 0.071246 0.034375 0.035037
0 0.338745 0.049519 0.032594 0.036619
0 0.362745 0.079938 0.040594 0.042939
1 0.380406 0.275102 0.093708 0.136167
0 0.254187 0.293074 0.071042 0.103370
1 0.082519 0.246655 0.069482 0.140913
0 0.222745 0.159343 0.053927 0.074537
0 0.466964 0.095345 0.046823 0.047680
0 0.355187 0.140185 0.047708 0.044122
0 0.110521 0.140975 0.041042 0.066246
0 0.062634 0.503648 0.088378 0.157111
0 0.653078 0.183843 0.076823 0.071389
0 0.620854 0.219790 0.081708 0.085606
0 0.599745 0.269565 0.086156 0.081648
0 0.057187 0.077765 0.031708 0.038593
