0 0.263745 0.045766 0.027490 0.037013
0 0.320188 0.051296 0.028375 0.034641
0 0.729521 0.878407 0.215938 0.246889
0 0.819411 0.693861 0.201927 0.234944
0 0.367964 0.285370 0.086594 0.118000
0 0.260964 0.092975 0.035260 0.036617
0 0.305854 0.081124 0.033479 0.044519
0 0.357187 0.076975 0.031271 0.037013
1 0.249854 0.269769 0.065042 0.115241
0 0.118853 0.268583 0.052816 0.082056
0 0.181188 0.428778 0.081937 0.137741
0 0.169522 0.797167 0.146601 0.259037
1 0.368521 0.103444 0.050375 0.068619
0 0.341188 0.135050 0.044604 0.040963
0 0.496630 0.107593 0.047927 0.050841
0 0.183740 0.127544 0.037708 0.051235
1 0.520969 0.181667 0.074375 0.074148
0 0.581964 0.164281 0.062156 0.069402
0 0.679411 0.257324 0.085490 0.081648
0 0.612740 0.277870 0.085042 0.087185
0 0.038076 0.154802 0.039708 0.052815
0 0.017264 0.096333 0.032445 0.042544
0 0.102408 0.072037 0.027039 0.036619
