0 0.465411 0.509370 0.120156 0.162259
0 0.365521 0.686157 0.143042 0.208463
0 0.252188 0.067494 0.027479 0.033852
0 0.604406 0.486657 0.131042 0.157907
0 0.199854 0.888880 0.152146 0.225944
0 0.219297 0.069469 0.031490 0.036222
0 0.283302 0.058606 0.028375 0.035037
1 0.262521 0.364583 0.077042 0.161056
0 0.291630 0.105815 0.040594 0.036222
0 0.428411 0.101667 0.038594 0.046889
0 0.091519 0.195095 0.036816 0.069402
1 0.124073 0.131889 0.039708 0.070989
0 0.161521 0.113914 0.031479 0.047680
0 0.509745 0.219593 0.063927 0.067037
0 0.714635 0.229278 0.083042 0.072963
1 0.039409 0.097716 0.026375 0.055580
0 0.013931 0.183244 0.025778 0.055180
0 0.962297 0.459000 0.077490 0.086000
