0 0.217745 0.044382 0.028823 0.029506
1 0.637188 0.509574 0.174375 0.221111
0 0.220521 0.068086 0.032146 0.033457
0 0.404964 0.097716 0.043260 0.053209
0 0.352188 0.132283 0.046604 0.043333
0 0.343297 0.103642 0.046594 0.045309
1 0.242745 0.181667 0.052156 0.090741
0 0.136630 0.171787 0.042156 0.059130
0 0.064410 0.199442 0.046597 0.063080
0 0.521630 0.144136 0.058823 0.063087
0 0.170521 0.127345 0.038812 0.053209
0 0.106634 0.126358 0.037711 0.047283
0 0.549411 0.231046 0.083260 0.063093
0 0.631635 0.222157 0.094375 0.076907
0 0.827745 0.218213 0.095490 0.080870
0 0.022153 0.099692 0.042222 0.041357
