0 0.198406 0.041222 0.025708 0.036619
0 0.778187 0.687343 0.221708 0.227426
0 0.361635 0.313028 0.086375 0.105352
0 0.324740 0.069865 0.041042 0.038593
0 0.224078 0.073815 0.033490 0.041752
0 0.390188 0.076185 0.038604 0.044122
0 0.186521 0.234213 0.061042 0.098648
0 0.476406 0.103247 0.040375 0.041357
1 0.506854 0.140778 0.051479 0.068222
0 0.075632 0.112926 0.033042 0.059926
0 0.131411 0.098704 0.035260 0.045704
0 0.618411 0.237565 0.080823 0.071389
0 0.664406 0.316185 0.113708 0.083222
1 0.738969 0.198456 0.103708 0.092717
0 0.026819 0.361815 0.051555 0.105741
0 0.011264 0.108581 0.020445 0.048865
0 0.869521 0.351148 0.154146 0.152370
