0 0.455521 0.913963 0.185708 0.175778
0 0.288630 0.353324 0.095490 0.125907
0 0.231630 0.077766 0.035260 0.034643
0 0.287302 0.071643 0.037708 0.044519
0 0.204521 0.047345 0.027708 0.033061
0 0.277073 0.034111 0.029708 0.027926
0 0.276521 0.052283 0.033937 0.032667
0 0.228521 0.033519 0.025479 0.029900
0 0.461521 0.123000 0.046146 0.053211
0 0.398073 0.157963 0.066375 0.054396
0 0.086967 0.246259 0.051711 0.076111
0 0.215406 0.176923 0.057042 0.070191
0 0.109853 0.154407 0.042816 0.059926
0 0.147969 0.115494 0.037708 0.045309
0 0.016486 0.119444 0.030889 0.045307
0 0.809406 0.319741 0.115708 0.114852
0 0.021486 0.357667 0.040889 0.116407
