0 0.220740 0.056037 0.027708 0.030693
0 0.254188 0.049321 0.027938 0.030691
0 0.183297 0.056037 0.022594 0.024370
0 0.229635 0.081321 0.034375 0.030691
0 0.415745 0.500676 0.122156 0.150389
1 0.176187 0.360037 0.077708 0.142481
1 0.316740 0.071049 0.035708 0.046494
0 0.327635 0.058013 0.027708 0.031481
0 0.204964 0.247444 0.057490 0.078481
1 0.407406 0.106803 0.046375 0.052420
0 0.145411 0.173963 0.043260 0.058741
1 0.439297 0.091593 0.044823 0.049656
0 0.418521 0.143544 0.049042 0.050839
0 0.111522 0.622352 0.110601 0.224667
0 0.137411 0.098308 0.032594 0.037802
1 0.033931 0.293074 0.065778 0.121556
0 0.551078 0.250407 0.089260 0.085222
0 0.711297 0.228685 0.094594 0.078889
1 0.071854 0.079939 0.027265 0.054000
