0 0.221745 0.046753 0.028823 0.031087
1 0.605411 0.483889 0.164156 0.207667
0 0.225635 0.069667 0.031708 0.031878
0 0.412745 0.100877 0.044594 0.050050
0 0.359297 0.135049 0.047490 0.044124
0 0.351745 0.105618 0.047490 0.042939
1 0.236740 0.176136 0.051708 0.087580
0 0.133073 0.168238 0.043042 0.059931
0 0.060854 0.193516 0.044819 0.060709
0 0.532964 0.147296 0.060156 0.061507
0 0.166302 0.123395 0.038375 0.050050
0 0.103301 0.122012 0.036378 0.046494
0 0.565411 0.240528 0.085927 0.066241
0 0.650969 0.232833 0.098375 0.077704
0 0.854411 0.227296 0.100823 0.080074
0 0.021264 0.097717 0.040445 0.042148
