0 0.197078 0.061568 0.025260 0.025161
0 0.804635 0.897769 0.261708 0.208167
1 0.288635 0.556380 0.116375 0.223093
1 0.275969 0.051889 0.031042 0.046100
0 0.312078 0.364972 0.087260 0.117611
1 0.343969 0.079345 0.036375 0.049654
0 0.195745 0.225907 0.052823 0.078889
1 0.364630 0.063148 0.037260 0.048074
0 0.344188 0.106210 0.039042 0.044124
0 0.176073 0.123593 0.037042 0.049656
1 0.090077 0.461574 0.095264 0.200963
0 0.415964 0.173368 0.065260 0.065450
0 0.564854 0.164877 0.068812 0.065061
1 0.095410 0.097716 0.032597 0.054791
0 0.115077 0.079543 0.027930 0.037407
0 0.023931 0.252583 0.045778 0.081648
0 0.020153 0.121618 0.038222 0.053606
0 0.845078 0.242704 0.099927 0.082444
0 0.957187 0.331991 0.087708 0.107722
0 0.937521 0.460778 0.127042 0.125111
