0 0.866078 0.915741 0.269927 0.172222
0 0.275521 0.042407 0.028813 0.037407
0 0.260521 0.060185 0.032146 0.037407
1 0.406630 0.311056 0.102156 0.132222
0 0.275521 0.088827 0.035479 0.035431
0 0.488297 0.127345 0.056594 0.057161
0 0.436630 0.171787 0.055490 0.047278
0 0.436630 0.143148 0.059927 0.057159
1 0.183854 0.131296 0.041042 0.069011
0 0.104411 0.129321 0.035490 0.053209
0 0.038854 0.151049 0.039931 0.057161
0 0.652187 0.193519 0.077708 0.078889
0 0.133302 0.090802 0.031042 0.043333
0 0.078854 0.094754 0.031042 0.043333
0 0.742745 0.323889 0.116594 0.086778
0 0.869964 0.331787 0.148823 0.110500
