0 0.465521 0.872287 0.195479 0.259130
1 0.237745 0.046357 0.035490 0.049259
0 0.214964 0.068086 0.029927 0.033457
0 0.325521 0.050309 0.024375 0.037407
0 0.396078 0.303148 0.078823 0.104556
1 0.321078 0.087839 0.042156 0.049259
0 0.343297 0.072037 0.035490 0.045307
0 0.393854 0.125370 0.045479 0.049259
0 0.314969 0.117469 0.034375 0.037407
0 0.174964 0.397963 0.085490 0.124333
0 0.071632 0.185618 0.043264 0.059135
0 0.209411 0.163886 0.043260 0.063080
0 0.505521 0.181667 0.071042 0.067037
0 0.571078 0.162905 0.073260 0.061117
0 0.651635 0.260676 0.094375 0.082833
0 0.710521 0.332778 0.121042 0.084815
0 0.082188 0.090803 0.031042 0.039383
1 0.020486 0.090803 0.038889 0.051235
1 0.884969 0.274500 0.134375 0.126296
