0 0.678187 0.683046 0.504375 0.637611
1 0.267630 0.049519 0.029927 0.038196
0 0.207854 0.070259 0.030812 0.030693
0 0.237964 0.063148 0.028823 0.037804
0 0.302187 0.089419 0.038604 0.043728
0 0.378188 0.096531 0.040813 0.046889
0 0.442745 0.111543 0.047260 0.046889
0 0.210964 0.263843 0.064156 0.085204
0 0.289406 0.231843 0.062375 0.078093
0 0.136073 0.303148 0.063708 0.095074
0 0.405740 0.083494 0.035042 0.038198
0 0.180521 0.131494 0.046375 0.064667
0 0.423411 0.180479 0.058823 0.055969
0 0.497745 0.170210 0.060823 0.063876
0 0.569969 0.165664 0.059042 0.066635
1 0.103632 0.125569 0.033486 0.059926
0 0.037854 0.136235 0.035265 0.043333
0 0.036410 0.184037 0.039486 0.064667
0 0.023042 0.286556 0.044000 0.086407
1 0.643187 0.227688 0.099271 0.115624
0 0.638302 0.301370 0.097042 0.073370
0 0.887406 0.248630 0.106375 0.085593
0 0.093634 0.065913 0.025045 0.031481
1 0.970411 0.424630 0.061260 0.097852
