0 0.189740 0.048333 0.021708 0.028715
0 0.316078 0.449917 0.102823 0.146056
0 0.223964 0.068086 0.031927 0.036617
0 0.274854 0.064135 0.031042 0.042148
0 0.318745 0.063345 0.032156 0.036617
0 0.323854 0.043790 0.031708 0.034643
0 0.214745 0.213077 0.132156 0.216772
0 0.397521 0.306509 0.086146 0.103389
1 0.402964 0.088630 0.048156 0.050048
0 0.133634 0.401324 0.078378 0.123130
0 0.348302 0.129519 0.047708 0.049656
0 0.394188 0.120037 0.048813 0.052026
0 0.525740 0.177321 0.068375 0.075728
0 0.626411 0.177120 0.071490 0.069796
0 0.725745 0.223741 0.088823 0.077704
0 0.090632 0.108382 0.034153 0.046098
0 0.145969 0.097914 0.035042 0.046494
0 0.034854 0.115692 0.033708 0.047283
0 0.720969 0.180083 0.083708 0.063870
0 0.094410 0.056037 0.029264 0.043333
0 0.931521 0.447352 0.139042 0.125111
