0 0.703302 0.800926 0.217708 0.278407
1 0.690521 0.510556 0.143271 0.215185
0 0.463297 0.098704 0.039927 0.043333
0 0.481073 0.128333 0.044375 0.051233
0 0.360521 0.140185 0.047708 0.051233
0 0.458297 0.152037 0.052156 0.051233
0 0.546630 0.125370 0.048823 0.053211
0 0.088853 0.444389 0.082149 0.138148
0 0.164969 0.299194 0.054375 0.100611
0 0.578854 0.168824 0.062146 0.065056
0 0.487740 0.211294 0.064375 0.063080
0 0.222188 0.233028 0.062146 0.098648
0 0.153302 0.167840 0.044375 0.059135
0 0.210521 0.144135 0.041042 0.055185
0 0.876630 0.391046 0.128823 0.110500
