1 0.963854 0.755500 0.074375 0.274444
0 0.419964 0.084876 0.035490 0.043333
0 0.431078 0.107593 0.042156 0.049259
0 0.313297 0.116481 0.039927 0.047285
0 0.402188 0.128333 0.044375 0.047285
0 0.488854 0.105618 0.042146 0.045309
0 0.141632 0.651787 0.118820 0.217167
0 0.213854 0.383148 0.074375 0.126296
0 0.503854 0.141173 0.049937 0.057161
0 0.412187 0.173762 0.046604 0.055180
0 0.277188 0.291296 0.076604 0.112481
0 0.184411 0.205368 0.048823 0.074931
0 0.246078 0.175741 0.049927 0.067037
0 0.664964 0.292278 0.089927 0.090741
0 0.036077 0.194509 0.038820 0.069019
