1 0.215969 0.043000 0.028375 0.047285
0 0.192297 0.060975 0.028594 0.031087
0 0.299411 0.046160 0.025927 0.033061
0 0.519854 0.415343 0.111708 0.135389
1 0.290078 0.080926 0.036594 0.052026
0 0.308745 0.063741 0.029490 0.039778
0 0.348745 0.110950 0.041490 0.050444
0 0.274297 0.103050 0.032594 0.043333
0 0.277521 0.571981 0.123479 0.180815
0 0.091411 0.229463 0.054823 0.071778
0 0.255854 0.208331 0.051271 0.071376
0 0.439521 0.154209 0.056813 0.054000
0 0.498406 0.142358 0.059042 0.053209
0 0.518188 0.211296 0.075042 0.062296
0 0.575630 0.266213 0.085927 0.068611
0 0.099078 0.115494 0.035490 0.046889
1 0.033410 0.110358 0.029486 0.055580
1 0.731635 0.225713 0.101042 0.107722
0 0.903406 0.260083 0.115708 0.095093
