0 0.749297 0.859843 0.246156 0.284019
0 0.218188 0.050506 0.026146 0.034643
0 0.425406 0.340676 0.091708 0.110093
0 0.226854 0.074606 0.033271 0.038593
0 0.337521 0.079148 0.038146 0.041359
1 0.219854 0.231840 0.064604 0.108913
0 0.247635 0.190947 0.049042 0.061106
0 0.159187 0.332583 0.083708 0.132611
0 0.454521 0.100876 0.045042 0.044519
0 0.464411 0.126358 0.055490 0.058346
0 0.379521 0.150456 0.057271 0.055976
0 0.075965 0.165864 0.039486 0.055976
0 0.126073 0.139988 0.037042 0.053209
1 0.591745 0.137222 0.065260 0.068222
0 0.582635 0.170009 0.056375 0.081648
0 0.512297 0.190157 0.060594 0.060315
0 0.082076 0.122606 0.033042 0.051630
0 0.139854 0.094950 0.033479 0.049259
0 0.084521 0.091790 0.026819 0.038987
0 0.021708 0.253963 0.041333 0.082852
0 0.026077 0.094753 0.025930 0.039383
0 0.814630 0.332778 0.118156 0.095074
0 0.733854 0.356481 0.120604 0.099037
0 0.099632 0.065914 0.024153 0.032272
