0 0.522630 0.631046 0.161260 0.204907
0 0.356745 0.736333 0.160156 0.252704
0 0.271297 0.042606 0.031490 0.036222
0 0.535630 0.438454 0.126823 0.146056
0 0.346969 0.374259 0.098375 0.127481
0 0.260078 0.080926 0.038823 0.036222
0 0.288745 0.065321 0.037490 0.038198
0 0.372302 0.055642 0.031708 0.037802
0 0.129077 0.255343 0.057264 0.084019
0 0.360297 0.134456 0.059260 0.050839
0 0.503521 0.166855 0.071042 0.057957
0 0.132745 0.149272 0.041927 0.059926
0 0.516964 0.210506 0.060594 0.063876
0 0.093522 0.097321 0.030601 0.042939
0 0.728964 0.333370 0.121490 0.103370
0 0.841630 0.314602 0.116156 0.109315
0 0.893969 0.274898 0.103042 0.099426
