0 0.199964 0.432926 0.096823 0.136556
1 0.307745 0.051494 0.035490 0.049259
0 0.363078 0.437074 0.108823 0.139333
0 0.196302 0.254157 0.061042 0.083241
0 0.335187 0.264824 0.084146 0.117204
0 0.377854 0.058210 0.039271 0.038198
0 0.280521 0.072630 0.036604 0.044122
0 0.334964 0.119444 0.052156 0.050048
0 0.076409 0.215447 0.047042 0.072180
0 0.530630 0.143345 0.068823 0.056765
0 0.534964 0.184827 0.069927 0.063087
0 0.525521 0.224722 0.078146 0.062296
0 0.687964 0.170206 0.074156 0.064661
0 0.742745 0.229667 0.094823 0.080074
1 0.125297 0.075790 0.036823 0.060717
0 0.071632 0.084284 0.029042 0.046098
