0 0.557073 0.456435 0.127042 0.150389
0 0.202854 0.063938 0.030604 0.034643
0 0.308635 0.067494 0.032375 0.033852
1 0.270187 0.291102 0.080812 0.130241
0 0.298187 0.240139 0.058604 0.074944
0 0.225302 0.445370 0.108375 0.174889
0 0.411630 0.084680 0.037490 0.032667
0 0.413187 0.107395 0.046375 0.049654
0 0.329854 0.125766 0.048146 0.050050
0 0.092522 0.196679 0.044601 0.063087
0 0.148854 0.170806 0.040375 0.059537
1 0.525411 0.119246 0.053927 0.067037
0 0.507411 0.144333 0.047260 0.070593
0 0.437521 0.155395 0.053271 0.053209
0 0.102077 0.147692 0.036597 0.058346
0 0.161406 0.116481 0.037042 0.050444
0 0.097630 0.105025 0.028594 0.039383
0 0.037486 0.351741 0.072889 0.105370
0 0.032077 0.112531 0.028597 0.045704
0 0.677630 0.269759 0.089927 0.076519
0 0.593073 0.277074 0.081708 0.072185
0 0.113632 0.080136 0.026820 0.039383
0 0.008931 0.094556 0.015778 0.038989
0 0.897521 0.389472 0.132375 0.120759
