0 0.316630 0.640926 0.142156 0.219148
1 0.266078 0.036481 0.025490 0.045308
0 0.656630 0.787102 0.222156 0.294204
0 0.295521 0.370306 0.082146 0.124315
0 0.514411 0.420676 0.139927 0.181611
0 0.321078 0.039444 0.033260 0.035433
0 0.226630 0.044383 0.028823 0.037407
0 0.267740 0.084877 0.037708 0.047283
0 0.118298 0.307102 0.058820 0.100611
0 0.437188 0.106605 0.047708 0.051235
0 0.408854 0.126358 0.048813 0.051235
0 0.400521 0.157963 0.054375 0.047285
0 0.544406 0.118457 0.057708 0.055185
0 0.587188 0.165861 0.072146 0.059130
1 0.166078 0.109568 0.043260 0.065061
0 0.102188 0.120432 0.037708 0.051235
0 0.029375 0.396981 0.056667 0.126296
1 0.021597 0.098704 0.041111 0.078889
0 0.117188 0.068086 0.027708 0.045309
0 0.842740 0.235000 0.094375 0.086778
0 0.765521 0.365370 0.104375 0.106556
