0 0.264745 0.043000 0.025927 0.029111
0 0.246297 0.059593 0.031260 0.033852
1 0.457854 0.358852 0.117042 0.151963
0 0.256854 0.085074 0.035479 0.039778
0 0.459745 0.118655 0.051927 0.053209
0 0.405745 0.161124 0.058594 0.045704
0 0.405521 0.130308 0.055479 0.047283
1 0.198964 0.145717 0.045927 0.074148
0 0.112074 0.141370 0.041039 0.056767
0 0.045632 0.164679 0.044153 0.058346
0 0.607187 0.178308 0.072604 0.069013
0 0.143406 0.101469 0.033042 0.044913
0 0.085187 0.101469 0.032152 0.045704
0 0.675187 0.292880 0.105479 0.079278
0 0.780521 0.295444 0.125042 0.102593
