0 0.272411 0.045766 0.028823 0.034643
0 0.211635 0.039642 0.025042 0.036617
0 0.203854 0.059988 0.032146 0.034643
0 0.321297 0.375046 0.096823 0.121944
0 0.375854 0.082704 0.041479 0.046100
0 0.372969 0.117864 0.047708 0.050050
0 0.462297 0.059333 0.107260 0.114963
1 0.224188 0.161910 0.055479 0.076513
0 0.434745 0.176333 0.059260 0.056370
0 0.732078 0.225120 0.097490 0.077315
0 0.707964 0.322704 0.110156 0.087593
0 0.761188 0.300185 0.113479 0.093111
1 0.112186 0.074803 0.032816 0.048469
0 0.059966 0.082901 0.027042 0.042543
0 0.010931 0.096729 0.019778 0.041754
