0 0.382745 0.546306 0.128594 0.172907
0 0.208854 0.059000 0.031938 0.035037
0 0.257078 0.057025 0.028823 0.038198
0 0.301630 0.055444 0.033490 0.038989
0 0.303297 0.036481 0.030594 0.030296
0 0.251078 0.249620 0.153260 0.243241
0 0.474302 0.370111 0.105042 0.125519
1 0.376188 0.078556 0.043937 0.055974
0 0.166854 0.504037 0.095937 0.161074
0 0.320630 0.111741 0.045260 0.039381
0 0.360297 0.103247 0.046823 0.050050
0 0.475187 0.154206 0.063271 0.068217
0 0.571297 0.156583 0.062594 0.066648
0 0.660521 0.193123 0.079708 0.072569
0 0.105741 0.121420 0.036372 0.051630
0 0.163854 0.111345 0.035271 0.048865
0 0.047743 0.131692 0.035486 0.055580
0 0.645854 0.151840 0.072146 0.060320
0 0.107301 0.062556 0.032378 0.046100
0 0.796297 0.365963 0.139260 0.105370
0 0.916745 0.343046 0.131260 0.118796
