0 0.431854 0.768139 0.165042 0.266537
0 0.769302 0.863991 0.233708 0.275722
1 0.291187 0.035691 0.027271 0.042148
0 0.269188 0.042803 0.022812 0.041357
0 0.444187 0.513519 0.121271 0.196630
0 0.619854 0.487843 0.148146 0.195833
0 0.270521 0.283593 0.063271 0.088370
0 0.166854 0.333370 0.067479 0.101815
0 0.315740 0.088037 0.032375 0.037011
0 0.236188 0.076382 0.025708 0.029506
0 0.327745 0.242315 0.066156 0.080074
0 0.050188 0.351741 0.067931 0.107741
0 0.291964 0.101271 0.036823 0.041357
0 0.368630 0.088630 0.038594 0.038196
1 0.181964 0.197469 0.051490 0.092320
0 0.398964 0.155791 0.053927 0.044519
0 0.600078 0.166262 0.060594 0.063883
0 0.049076 0.123593 0.028375 0.052815
1 0.083076 0.083889 0.029708 0.050048
0 0.116630 0.072827 0.024823 0.035828
0 0.803745 0.378407 0.127490 0.102593
