0 0.236406 0.053864 0.031708 0.044124
0 0.297854 0.059593 0.033937 0.039381
0 0.359854 0.066704 0.033042 0.039381
0 0.402188 0.485870 0.111937 0.150000
0 0.497521 0.405861 0.108812 0.136167
0 0.328964 0.624926 0.133490 0.204519
0 0.316740 0.045370 0.027708 0.030693
0 0.270745 0.201620 0.065927 0.087981
0 0.309964 0.113914 0.039490 0.041357
0 0.363630 0.105815 0.042823 0.049656
0 0.420078 0.102259 0.038823 0.051233
1 0.173411 0.188781 0.047260 0.087587
0 0.079410 0.197074 0.044153 0.062296
0 0.103297 0.287944 0.059927 0.095481
0 0.075965 0.497130 0.095486 0.158296
1 0.447188 0.136630 0.063708 0.080470
0 0.422297 0.179299 0.057490 0.052031
0 0.603411 0.141766 0.060156 0.061506
0 0.140854 0.093370 0.029708 0.042148
1 0.653745 0.243694 0.098594 0.099426
0 0.757630 0.233815 0.093490 0.090741
0 0.887521 0.349759 0.130146 0.099037
0 0.875078 0.425028 0.134156 0.120759
0 0.014375 0.112531 0.026667 0.048865
