0 0.319411 0.057617 0.036594 0.043333
0 0.265187 0.080729 0.036146 0.041357
0 0.250411 0.052679 0.032823 0.040569
1 0.425854 0.321519 0.096146 0.147630
0 0.233521 0.270556 0.066604 0.093111
0 0.136519 0.314407 0.068149 0.099444
0 0.386745 0.082308 0.042823 0.046098
0 0.270297 0.201021 0.058823 0.074143
0 0.176188 0.188188 0.051479 0.069809
0 0.379969 0.137222 0.049708 0.049259
0 0.429073 0.126950 0.057708 0.054000
0 0.548964 0.114111 0.054823 0.052026
0 0.066965 0.142753 0.037930 0.057950
0 0.593411 0.251194 0.096594 0.080463
0 0.898188 0.343833 0.136813 0.106148
0 0.074298 0.083099 0.028597 0.041357
0 0.953964 0.443593 0.094156 0.093111
