0 0.724635 0.841611 0.236375 0.295778
0 0.219635 0.049913 0.026375 0.035037
0 0.417969 0.333759 0.089708 0.107333
0 0.228411 0.074803 0.033260 0.038987
0 0.339854 0.079544 0.037937 0.041357
1 0.216854 0.228484 0.063938 0.107735
0 0.244078 0.187794 0.049490 0.061117
0 0.155406 0.325269 0.082375 0.131426
0 0.457521 0.101271 0.045271 0.042939
0 0.468854 0.127346 0.055479 0.058741
0 0.383630 0.152234 0.057490 0.055580
0 0.075187 0.162898 0.039708 0.055574
0 0.124411 0.137618 0.036823 0.053209
1 0.596964 0.138210 0.065927 0.068617
0 0.588521 0.171392 0.057042 0.081254
0 0.518078 0.192331 0.061927 0.060709
0 0.080743 0.121025 0.032597 0.052420
0 0.138521 0.093370 0.033937 0.049259
0 0.083632 0.090803 0.027264 0.040172
0 0.020819 0.248435 0.039555 0.082833
0 0.025521 0.093765 0.025708 0.037407
0 0.826187 0.337722 0.121271 0.097852
0 0.746078 0.364389 0.121927 0.103778
0 0.098411 0.064531 0.024823 0.031876
