0 0.331073 0.444380 0.104375 0.193463
0 0.474411 0.397963 0.099927 0.136185
0 0.243297 0.060185 0.028823 0.037407
0 0.239969 0.091790 0.037708 0.033457
1 0.289406 0.047345 0.034375 0.047283
0 0.102745 0.266602 0.058823 0.086796
0 0.272188 0.078951 0.039938 0.047283
1 0.404969 0.096728 0.041042 0.055185
0 0.183297 0.232037 0.062156 0.076926
0 0.104965 0.160929 0.038820 0.053217
0 0.196630 0.155003 0.055490 0.076920
0 0.518854 0.120432 0.053271 0.047283
0 0.417187 0.147099 0.052146 0.065061
0 0.506630 0.220185 0.075490 0.072963
0 0.021597 0.142160 0.041111 0.047283
0 0.044931 0.549074 0.087778 0.165815
0 0.780521 0.262648 0.105479 0.090741
0 0.939411 0.393028 0.123260 0.106537
0 0.927745 0.469074 0.146594 0.136185
