0 0.392188 0.790454 0.179938 0.284315
1 0.250854 0.035692 0.026146 0.040569
0 0.846630 0.932139 0.239490 0.139426
0 0.351078 0.437667 0.099927 0.144481
0 0.625187 0.519056 0.177937 0.225852
0 0.298297 0.037864 0.027260 0.029902
0 0.209187 0.043000 0.025937 0.041752
0 0.244630 0.077370 0.038594 0.041752
0 0.137408 0.355491 0.067705 0.113648
0 0.404187 0.100481 0.046604 0.043730
0 0.370302 0.113321 0.043708 0.044913
0 0.364854 0.142556 0.048813 0.048074
0 0.502740 0.108580 0.051708 0.048074
0 0.541187 0.153222 0.064146 0.051233
1 0.184188 0.126556 0.047479 0.076122
0 0.117301 0.140581 0.040378 0.058346
0 0.044708 0.490806 0.087333 0.163833
1 0.025597 0.119247 0.049111 0.082839
0 0.127078 0.078358 0.034156 0.050839
0 0.759188 0.204583 0.078812 0.070204
0 0.664188 0.310259 0.091938 0.084815
