0 0.352073 0.069271 0.039708 0.042939
0 0.295740 0.097716 0.043042 0.041357
0 0.284854 0.068679 0.039042 0.037802
1 0.326745 0.243296 0.070823 0.112852
0 0.182078 0.214855 0.053927 0.078106
0 0.097630 0.247833 0.057927 0.082444
0 0.438745 0.102654 0.048156 0.052815
0 0.219411 0.158355 0.048156 0.062291
0 0.140854 0.151642 0.044375 0.059135
0 0.440854 0.167244 0.062146 0.049254
0 0.500964 0.158355 0.069490 0.062291
0 0.646521 0.151049 0.070813 0.061902
0 0.046188 0.116481 0.033265 0.048863
0 0.734969 0.330204 0.131708 0.097852
