0 0.680964 0.836333 0.253490 0.331037
0 0.881854 0.756083 0.184604 0.289056
0 0.195635 0.058605 0.030375 0.036617
0 0.159854 0.364185 0.078375 0.121556
1 0.334188 0.066902 0.035479 0.046889
0 0.285521 0.346602 0.088813 0.114833
0 0.160411 0.216632 0.051490 0.074550
0 0.278187 0.215247 0.073708 0.101802
0 0.413188 0.072234 0.040604 0.042543
0 0.315521 0.090803 0.039042 0.055976
0 0.378635 0.141370 0.059042 0.057556
0 0.058854 0.190160 0.041265 0.066643
0 0.594630 0.174954 0.074594 0.063093
0 0.630411 0.232037 0.083490 0.071370
0 0.616302 0.280630 0.099708 0.084037
0 0.790411 0.207938 0.093260 0.073754
0 0.854078 0.275889 0.117927 0.090333
1 0.107074 0.069864 0.035039 0.054394
0 0.056854 0.075593 0.025708 0.038989
