0 0.570073 0.736537 0.210375 0.333704
0 0.767411 0.637963 0.184594 0.245593
0 0.203078 0.066506 0.032823 0.040569
0 0.143073 0.338500 0.077708 0.112074
0 0.224969 0.046951 0.030375 0.041754
1 0.348187 0.070062 0.036813 0.048469
0 0.257521 0.315194 0.078146 0.104167
0 0.145521 0.202206 0.048375 0.069402
0 0.255630 0.199053 0.067260 0.095487
0 0.433187 0.083494 0.043271 0.043728
0 0.334969 0.101469 0.042375 0.054394
0 0.401411 0.155790 0.060156 0.060320
0 0.049299 0.178509 0.040375 0.060722
0 0.136297 0.913769 0.161927 0.176167
0 0.628521 0.189370 0.079708 0.068222
0 0.683078 0.257120 0.092823 0.074944
0 0.666302 0.311639 0.109042 0.089167
0 0.846521 0.230852 0.101479 0.080852
0 0.909745 0.301176 0.120823 0.093500
1 0.099630 0.064926 0.032594 0.053211
0 0.050854 0.070062 0.025265 0.040569
