0 0.932745 0.809028 0.136594 0.221907
1 0.257969 0.047345 0.024375 0.032272
0 0.245297 0.062160 0.031927 0.041357
0 0.288188 0.085864 0.033271 0.038987
0 0.221073 0.078358 0.027042 0.031087
0 0.145854 0.332185 0.069479 0.097852
0 0.377635 0.321324 0.077042 0.102204
0 0.353854 0.118655 0.043708 0.047680
0 0.403302 0.109766 0.043042 0.044913
0 0.364854 0.145123 0.053708 0.050050
0 0.426630 0.188188 0.059490 0.053217
0 0.135411 0.162706 0.040594 0.054402
1 0.053632 0.144926 0.035708 0.067826
1 0.556411 0.163296 0.070594 0.077704
0 0.639078 0.165466 0.066594 0.064661
0 0.081298 0.100481 0.029264 0.039778
1 0.800078 0.263843 0.116156 0.101796
0 0.056076 0.084284 0.027708 0.035828
1 0.963630 0.279046 0.074823 0.111685
0 0.961187 0.416926 0.079708 0.103000
