1 0.217411 0.859639 0.179260 0.284426
0 0.667078 0.787685 0.214156 0.278000
0 0.460854 0.085271 0.042146 0.048865
0 0.800188 0.647444 0.205708 0.225074
0 0.480297 0.871694 0.189490 0.260315
0 0.430302 0.098111 0.043708 0.050841
0 0.446854 0.469269 0.120375 0.165019
0 0.356745 0.124976 0.050823 0.054000
0 0.389745 0.109370 0.043927 0.052026
0 0.245745 0.495741 0.115490 0.200556
0 0.201078 0.350759 0.075490 0.114444
0 0.346406 0.265019 0.068375 0.097852
0 0.604740 0.200827 0.077042 0.078494
0 0.597740 0.253370 0.085708 0.076926
1 0.948521 0.344630 0.105042 0.164630
