0 0.554630 0.467296 0.141260 0.161852
0 0.280854 0.045173 0.031479 0.035828
0 0.184854 0.048729 0.027479 0.041357
0 0.341411 0.048531 0.032156 0.037802
0 0.286964 0.331593 0.089490 0.133815
0 0.407964 0.066111 0.039927 0.037407
1 0.408854 0.093370 0.039479 0.057159
0 0.109411 0.142950 0.040156 0.069407
0 0.178745 0.125568 0.038823 0.054394
0 0.472854 0.155395 0.056375 0.057950
0 0.492964 0.211694 0.072594 0.063093
1 0.566187 0.126754 0.071938 0.069407
0 0.089297 0.593917 0.106594 0.178833
0 0.024708 0.125173 0.047333 0.048865
0 0.607078 0.216831 0.096823 0.100228
1 0.778521 0.237167 0.088604 0.103778
0 0.068632 0.090210 0.032820 0.038987
