1 0.232964 0.033123 0.025927 0.032272
0 0.172411 0.047544 0.022594 0.026346
0 0.202297 0.043988 0.024156 0.036617
0 0.250411 0.063148 0.033260 0.041752
0 0.316411 0.069074 0.035490 0.042544
0 0.376854 0.080136 0.037708 0.039383
0 0.336188 0.407639 0.095937 0.125500
0 0.425969 0.346611 0.092375 0.115630
0 0.257411 0.504037 0.104594 0.159481
0 0.336854 0.056432 0.030604 0.035431
0 0.243188 0.181466 0.060146 0.082439
0 0.333521 0.128531 0.042604 0.041357
0 0.393188 0.121815 0.045937 0.047678
0 0.453302 0.115889 0.044375 0.052419
1 0.151188 0.169419 0.042813 0.082050
0 0.066409 0.178506 0.039042 0.056765
0 0.081074 0.253574 0.053705 0.081259
0 0.055632 0.426602 0.081930 0.130241
1 0.488078 0.154799 0.070823 0.085994
0 0.467078 0.206160 0.067490 0.055976
0 0.660745 0.166456 0.068594 0.066643
0 0.127411 0.084481 0.028156 0.040174
1 0.727964 0.280426 0.114594 0.104963
0 0.859745 0.276083 0.115490 0.101796
