0 0.693073 0.688380 0.511042 0.626944
1 0.265854 0.048729 0.029937 0.038987
0 0.205745 0.069469 0.030594 0.029902
0 0.235964 0.062160 0.028823 0.038198
0 0.299406 0.088037 0.038375 0.044122
0 0.374745 0.095346 0.040594 0.044519
0 0.439411 0.110556 0.046823 0.046493
0 0.214740 0.267991 0.065042 0.085611
0 0.293297 0.235593 0.062594 0.079296
0 0.139411 0.309074 0.064156 0.097444
0 0.402073 0.082111 0.035708 0.037011
0 0.182745 0.133667 0.047260 0.064270
0 0.417969 0.178308 0.057708 0.054791
0 0.492188 0.167639 0.059479 0.062685
0 0.563854 0.163491 0.059271 0.066241
1 0.105074 0.126753 0.033705 0.060717
0 0.039076 0.138209 0.035042 0.043333
0 0.037854 0.185419 0.040152 0.064272
0 0.023931 0.291694 0.045778 0.087981
1 0.634745 0.224331 0.097490 0.112857
0 0.629411 0.297620 0.095260 0.073759
0 0.874854 0.244481 0.103938 0.084407
0 0.094522 0.066704 0.024601 0.031481
1 0.963078 0.418704 0.075927 0.108926
