1 0.503854 0.828037 0.209042 0.347630
0 0.109743 0.529519 0.089264 0.170148
0 0.500411 0.101074 0.047927 0.057556
0 0.359411 0.417324 0.096156 0.135389
0 0.464854 0.187194 0.061708 0.061500
1 0.046521 0.305713 0.063708 0.137352
0 0.220188 0.255148 0.063479 0.089963
0 0.590854 0.159345 0.066146 0.064272
0 0.578297 0.201620 0.077490 0.080870
0 0.719187 0.175349 0.081479 0.062302
0 0.292411 0.214456 0.058156 0.082050
0 0.122632 0.237963 0.051486 0.080074
0 0.720630 0.210704 0.090594 0.072963
0 0.188297 0.194704 0.045927 0.076519
0 0.694187 0.301167 0.105708 0.087185
0 0.726406 0.254954 0.096375 0.085611
0 0.062521 0.193318 0.051265 0.082439
