0 0.204411 0.056037 0.023927 0.029900
0 0.256745 0.365759 0.081490 0.116815
0 0.246078 0.079148 0.036156 0.037407
0 0.300411 0.077963 0.034594 0.042937
0 0.344187 0.076382 0.037271 0.046098
0 0.354406 0.054852 0.033708 0.037804
0 0.181521 0.182456 0.116812 0.195828
0 0.325411 0.248824 0.072594 0.092315
1 0.439630 0.103642 0.057927 0.054791
0 0.103301 0.317759 0.067045 0.108519
0 0.387406 0.150061 0.051708 0.050444
0 0.439521 0.142556 0.055042 0.052815
0 0.599411 0.212479 0.081490 0.084413
0 0.705854 0.214855 0.085479 0.080476
0 0.820740 0.273519 0.105042 0.084037
0 0.073521 0.092383 0.029708 0.040963
0 0.125411 0.084086 0.032594 0.037013
0 0.019153 0.099099 0.036222 0.046494
0 0.835521 0.222355 0.104375 0.076513
