0 0.405964 0.756389 0.166823 0.238296
0 0.215688 0.064037 0.034937 0.034048
0 0.288411 0.074308 0.038156 0.038791
0 0.323188 0.373269 0.089042 0.118389
0 0.286745 0.095543 0.031260 0.036222
0 0.157302 0.195294 0.048375 0.076117
0 0.364297 0.140185 0.048156 0.052026
0 0.426854 0.133667 0.047938 0.055581
0 0.477745 0.126556 0.053260 0.057952
0 0.509745 0.108580 0.051490 0.050444
0 0.104189 0.106605 0.077268 0.131828
0 0.188854 0.132087 0.044813 0.054000
1 0.640188 0.182852 0.084375 0.083630
0 0.033965 0.161713 0.042153 0.060315
0 0.609740 0.267796 0.095042 0.078889
0 0.702411 0.259491 0.100823 0.091537
