0 0.500964 0.612676 0.142823 0.202944
0 0.909630 0.787093 0.182823 0.331333
0 0.215635 0.060382 0.030375 0.037013
0 0.186740 0.471648 0.086375 0.152370
0 0.359406 0.085864 0.041042 0.043728
0 0.319630 0.090407 0.040156 0.040174
0 0.313521 0.114111 0.044375 0.037011
0 0.442521 0.086655 0.042813 0.041357
0 0.475073 0.126753 0.055042 0.051235
1 0.224854 0.159349 0.056375 0.089561
0 0.147411 0.171984 0.044594 0.065846
0 0.106967 0.735343 0.135711 0.258648
1 0.045410 0.144725 0.047264 0.091920
0 0.150411 0.096531 0.038156 0.056370
0 0.642630 0.161521 0.063927 0.063883
0 0.532073 0.240130 0.070375 0.064667
0 0.064298 0.087050 0.032153 0.046889
