0 0.724521 0.916333 0.209042 0.171037
0 0.838187 0.692481 0.215938 0.247963
0 0.285854 0.509565 0.127271 0.220315
0 0.377187 0.420083 0.091708 0.129056
0 0.427297 0.345028 0.089260 0.110093
0 0.108189 0.534852 0.087934 0.165000
0 0.491630 0.178905 0.059260 0.052820
0 0.568188 0.166651 0.063938 0.064661
0 0.484635 0.211886 0.067042 0.061894
0 0.205854 0.233815 0.053479 0.077296
0 0.104074 0.226907 0.046372 0.070593
0 0.732187 0.289315 0.100375 0.091926
0 0.159521 0.181074 0.042604 0.061111
0 0.831078 0.273324 0.108823 0.099426
0 0.871297 0.417713 0.134594 0.110093
