0 0.502188 0.428574 0.119938 0.138148
0 0.288854 0.052283 0.033271 0.037407
0 0.191073 0.058210 0.031042 0.041357
0 0.349411 0.053272 0.032156 0.031481
0 0.261630 0.307102 0.083260 0.116426
0 0.417745 0.074013 0.039927 0.037407
1 0.424411 0.103642 0.042156 0.065061
0 0.100522 0.134259 0.036601 0.070989
0 0.167187 0.122407 0.038812 0.051233
0 0.497745 0.172778 0.059927 0.061111
0 0.520521 0.233028 0.074375 0.070981
1 0.591078 0.140185 0.075490 0.070989
0 0.068854 0.536241 0.097708 0.167778
0 0.021597 0.124382 0.041111 0.047283
0 0.644411 0.238954 0.102156 0.106537
1 0.817187 0.253759 0.096604 0.108519
0 0.061077 0.087839 0.026597 0.037407
