0 0.269406 0.046358 0.029042 0.036617
0 0.198302 0.051099 0.030375 0.029506
0 0.244073 0.437667 0.090375 0.137370
0 0.388411 0.432537 0.100823 0.131037
1 0.339521 0.050506 0.030146 0.042543
0 0.316406 0.064926 0.027042 0.044519
0 0.254964 0.063938 0.029490 0.032272
0 0.269411 0.312037 0.073490 0.108926
0 0.369188 0.276481 0.079708 0.106556
0 0.196187 0.196679 0.047042 0.063087
0 0.104297 0.221565 0.048594 0.067833
0 0.378630 0.118259 0.043927 0.041359
0 0.293745 0.106407 0.038156 0.035826
0 0.229411 0.162506 0.044594 0.053209
0 0.020931 0.215244 0.039778 0.067031
0 0.380188 0.141568 0.050604 0.047680
0 0.471745 0.128926 0.051927 0.050048
1 0.131411 0.132877 0.040594 0.069802
0 0.537630 0.230657 0.082823 0.063870
0 0.837745 0.252574 0.102594 0.087185
0 0.027521 0.087840 0.024375 0.038987
