0 0.463854 0.893028 0.198813 0.217648
0 0.346635 0.105617 0.037708 0.049259
0 0.534411 0.603389 0.148823 0.203333
0 0.403302 0.103642 0.044375 0.053209
0 0.311630 0.120432 0.038823 0.047283
1 0.555521 0.410796 0.104375 0.173704
0 0.498297 0.110556 0.043260 0.047285
0 0.521078 0.143148 0.053260 0.049259
0 0.401635 0.158951 0.054375 0.053209
0 0.506073 0.175738 0.061042 0.063080
0 0.592745 0.145123 0.056594 0.057161
0 0.067743 0.361426 0.066597 0.114444
0 0.141078 0.258704 0.053260 0.086778
0 0.642745 0.194509 0.072156 0.069019
0 0.554406 0.246852 0.071042 0.067037
0 0.193297 0.200432 0.055490 0.076913
0 0.136078 0.147099 0.038823 0.053209
