0 0.211187 0.051494 0.025479 0.031876
0 0.465297 0.376435 0.102594 0.124722
0 0.219302 0.073222 0.031042 0.035826
0 0.326073 0.076382 0.037042 0.038198
1 0.235740 0.251398 0.067042 0.114056
0 0.265187 0.208336 0.050813 0.062698
0 0.178745 0.370704 0.090823 0.143296
0 0.438635 0.096926 0.043042 0.043730
0 0.444188 0.121815 0.053271 0.058741
0 0.359854 0.141963 0.055271 0.055581
0 0.080743 0.179497 0.039264 0.058746
0 0.133964 0.151840 0.038156 0.054791
1 0.566078 0.131494 0.061927 0.064667
0 0.553854 0.162706 0.052604 0.078106
0 0.483854 0.177713 0.057479 0.056759
0 0.088743 0.132877 0.035264 0.052420
0 0.147187 0.103642 0.033479 0.050839
0 0.088743 0.096728 0.026820 0.036222
0 0.026375 0.285565 0.050667 0.089167
0 0.028632 0.101271 0.026597 0.042939
0 0.759964 0.309269 0.106156 0.086796
0 0.676078 0.323694 0.109927 0.084019
0 0.104853 0.071247 0.023482 0.034246
