0 0.208521 0.047345 0.027271 0.029902
0 0.238297 0.043197 0.025927 0.029506
0 0.213854 0.071247 0.029042 0.029506
0 0.543521 0.651000 0.166604 0.212407
1 0.218073 0.432139 0.089042 0.172907
1 0.296745 0.063544 0.032594 0.047283
0 0.298635 0.049914 0.032375 0.031876
0 0.246854 0.294259 0.066604 0.094704
1 0.375302 0.093173 0.041708 0.049654
0 0.166630 0.196479 0.046156 0.064265
1 0.400188 0.078950 0.042604 0.052815
0 0.380964 0.126754 0.044156 0.050444
0 0.176965 0.843444 0.149486 0.316815
0 0.153521 0.110951 0.032813 0.040172
1 0.057076 0.354898 0.071042 0.151981
0 0.485854 0.212281 0.070375 0.077698
0 0.635635 0.198855 0.079708 0.067439
1 0.081521 0.087049 0.030152 0.050050
0 0.100964 0.070062 0.020594 0.031876
0 0.015042 0.210905 0.028000 0.067043
0 0.012264 0.105222 0.022445 0.052419
