0 0.589078 0.914361 0.195490 0.174981
0 0.771635 0.839843 0.229042 0.252722
0 0.812078 0.667194 0.200594 0.226648
0 0.381406 0.126161 0.043708 0.049259
0 0.454745 0.119643 0.049490 0.052815
0 0.354745 0.141370 0.048594 0.049656
0 0.307740 0.342852 0.076375 0.108111
0 0.157854 0.331389 0.061042 0.097852
0 0.527411 0.183447 0.064156 0.065069
0 0.229745 0.252185 0.054594 0.079296
0 0.601635 0.176929 0.069042 0.070994
0 0.540635 0.232824 0.069708 0.065056
1 0.280297 0.194312 0.048156 0.088376
0 0.774302 0.197868 0.081042 0.069413
0 0.874854 0.274500 0.109708 0.093111
0 0.892635 0.412583 0.139042 0.114056
0 0.955187 0.369315 0.091708 0.095481
