0 0.305745 0.048728 0.034594 0.037407
0 0.250521 0.071247 0.034813 0.038987
0 0.236745 0.046160 0.030823 0.037013
1 0.480854 0.368926 0.110146 0.166593
0 0.256521 0.300778 0.071271 0.101407
0 0.155521 0.348778 0.075479 0.113667
0 0.367411 0.072827 0.040156 0.048469
0 0.295297 0.220577 0.062156 0.082439
0 0.192854 0.205966 0.056813 0.076920
0 0.357302 0.124185 0.047042 0.046889
0 0.401406 0.113320 0.054375 0.055185
0 0.513297 0.101074 0.050156 0.054396
0 0.073632 0.154605 0.039264 0.057950
0 0.545078 0.223343 0.085260 0.072167
0 0.813187 0.299981 0.126812 0.096667
0 0.082632 0.089025 0.030597 0.043728
0 0.869073 0.389074 0.117708 0.104963
