0 0.891297 0.752528 0.219490 0.208463
0 0.293745 0.036877 0.024823 0.031087
0 0.282297 0.049519 0.029927 0.033456
0 0.207630 0.057419 0.031260 0.029506
0 0.214297 0.383148 0.080594 0.119963
0 0.335078 0.368537 0.086594 0.116815
1 0.355964 0.052877 0.032823 0.047283
0 0.333745 0.066506 0.027927 0.047680
0 0.270521 0.070259 0.030375 0.038593
0 0.237854 0.274907 0.060146 0.097852
0 0.325188 0.239343 0.071708 0.092315
0 0.181073 0.180083 0.041708 0.061500
0 0.091408 0.202608 0.042372 0.064672
0 0.401302 0.126950 0.043042 0.039778
0 0.314188 0.119049 0.041708 0.038987
0 0.210740 0.144333 0.041042 0.048470
0 0.018264 0.190750 0.034445 0.059130
0 0.413078 0.155791 0.054156 0.054000
0 0.512630 0.143938 0.057260 0.054791
1 0.118521 0.118655 0.034375 0.060320
0 0.596297 0.263046 0.089927 0.078093
0 0.944411 0.294463 0.113260 0.101407
0 0.023965 0.082308 0.022597 0.040569
