0 0.946297 0.838463 0.109490 0.231778
1 0.422297 0.725667 0.168594 0.331741
0 0.371964 0.107988 0.043927 0.053209
0 0.095411 0.477759 0.084156 0.144074
0 0.519297 0.107790 0.053260 0.059135
0 0.317078 0.372481 0.083927 0.120778
0 0.492635 0.201423 0.065708 0.064672
1 0.035597 0.284185 0.069111 0.130630
0 0.204964 0.237370 0.059260 0.086000
0 0.625187 0.171593 0.070375 0.063481
0 0.615187 0.218210 0.086375 0.081654
0 0.756964 0.187790 0.084594 0.066643
0 0.274406 0.200429 0.055042 0.077698
0 0.111743 0.218608 0.047930 0.075339
0 0.765969 0.231843 0.093708 0.074944
0 0.177406 0.181269 0.046375 0.066241
0 0.754745 0.331389 0.125927 0.097852
0 0.785073 0.281417 0.107042 0.091130
0 0.055521 0.182058 0.047485 0.078883
