1 0.401521 0.754315 0.169271 0.324222
1 0.258411 0.044778 0.027927 0.040567
0 0.399969 0.465722 0.109708 0.147630
1 0.319073 0.069667 0.035042 0.045307
0 0.230297 0.264630 0.061490 0.087593
1 0.333406 0.052877 0.035708 0.037802
0 0.317521 0.095345 0.035042 0.042939
0 0.199302 0.145321 0.043042 0.055976
1 0.143074 0.622954 0.123039 0.274056
0 0.368297 0.147296 0.056156 0.058344
0 0.510073 0.142556 0.058375 0.058344
1 0.109521 0.111939 0.036375 0.063481
0 0.131745 0.092185 0.026594 0.037407
0 0.033708 0.308481 0.065333 0.096259
0 0.035077 0.140778 0.042597 0.061900
0 0.745411 0.201423 0.084156 0.064672
0 0.839187 0.273324 0.114375 0.094685
0 0.787854 0.366352 0.145042 0.115630
0 0.021042 0.093963 0.040000 0.039381
0 0.065298 0.072431 0.022597 0.037407
