0 0.227854 0.058605 0.028146 0.041357
0 0.267635 0.076581 0.030375 0.037013
0 0.203521 0.069864 0.026604 0.032272
0 0.181411 0.395787 0.080594 0.118389
0 0.458188 0.396583 0.099042 0.124722
0 0.327073 0.105618 0.041708 0.038987
0 0.373521 0.098111 0.040813 0.042937
0 0.323745 0.125370 0.042594 0.040567
0 0.381188 0.163889 0.054375 0.044122
0 0.157073 0.187197 0.045708 0.063087
1 0.064409 0.166065 0.040375 0.073759
1 0.503297 0.141370 0.062156 0.070989
0 0.565521 0.141173 0.060813 0.053209
0 0.093410 0.116877 0.031264 0.047283
1 0.704630 0.228484 0.095490 0.088772
0 0.068077 0.095346 0.028597 0.037407
1 0.844854 0.231645 0.110604 0.101413
0 0.843630 0.341278 0.129490 0.107333
