0 0.148301 0.675491 0.114378 0.217167
0 0.462187 0.090802 0.044375 0.055185
0 0.482187 0.546111 0.133271 0.171741
0 0.412187 0.160926 0.053271 0.061111
1 0.058299 0.359444 0.074375 0.157889
0 0.259964 0.301167 0.075490 0.108519
0 0.531078 0.135247 0.059927 0.057161
0 0.505521 0.167840 0.064375 0.070987
0 0.646630 0.148086 0.068823 0.059135
0 0.337740 0.255741 0.071042 0.092704
0 0.147745 0.287352 0.059927 0.096667
0 0.637745 0.178706 0.068823 0.065069
0 0.215521 0.224132 0.055479 0.084809
0 0.586073 0.242898 0.081042 0.074944
0 0.622740 0.212287 0.074375 0.069019
0 0.082186 0.223148 0.055482 0.090741
0 0.089408 0.171787 0.041039 0.059130
