0 0.845964 0.874259 0.264823 0.255185
0 0.198078 0.045370 0.025490 0.032270
0 0.218854 0.032333 0.027042 0.032271
0 0.284854 0.021012 0.028813 0.038320
0 0.248187 0.462556 0.101271 0.145259
0 0.259297 0.076778 0.039490 0.038989
0 0.347854 0.092975 0.043708 0.042939
0 0.227521 0.252583 0.065708 0.085611
0 0.351854 0.118259 0.038375 0.042148
0 0.130187 0.144333 0.041708 0.057952
0 0.457630 0.179294 0.062823 0.055969
0 0.530297 0.172188 0.063260 0.063883
0 0.583521 0.159151 0.060375 0.063883
0 0.635854 0.143345 0.065937 0.059135
0 0.083411 0.072432 0.068156 0.114050
0 0.152740 0.092581 0.037042 0.048469
1 0.809078 0.239537 0.116823 0.099037
0 0.018486 0.111148 0.034889 0.048470
0 0.829297 0.377620 0.142594 0.098648
0 0.937297 0.362602 0.127490 0.113648
