0 0.785187 0.641324 0.217479 0.273648
0 0.197854 0.053865 0.028146 0.030296
0 0.231073 0.045568 0.027042 0.031876
0 0.276406 0.040234 0.024375 0.028320
1 0.578740 0.625713 0.161042 0.272463
0 0.261740 0.526944 0.105708 0.161852
1 0.273411 0.060975 0.037927 0.055580
0 0.247297 0.082704 0.036823 0.035037
0 0.373969 0.062753 0.035042 0.039383
0 0.295521 0.218012 0.058146 0.074939
1 0.372964 0.107987 0.049927 0.056370
0 0.405078 0.091593 0.038156 0.044915
0 0.465406 0.155000 0.055708 0.054789
0 0.382630 0.151840 0.046594 0.050050
0 0.105967 0.272731 0.060378 0.087981
0 0.049298 0.145519 0.040820 0.054789
0 0.164188 0.120827 0.036375 0.051235
0 0.620411 0.230454 0.089260 0.073759
0 0.702635 0.214065 0.088375 0.077315
0 0.911302 0.382157 0.139042 0.112463
0 0.954078 0.476583 0.093927 0.090352
0 0.063077 0.068481 0.027930 0.034248
