0 0.853297 0.790704 0.295490 0.422296
1 0.242302 0.041222 0.029042 0.036619
0 0.180854 0.056432 0.030146 0.028320
0 0.212188 0.051494 0.025271 0.035828
0 0.263964 0.070654 0.033260 0.043333
0 0.332745 0.079938 0.037490 0.042939
0 0.395635 0.090210 0.039708 0.040569
0 0.287854 0.351148 0.081479 0.104963
0 0.373521 0.301176 0.079042 0.099833
0 0.207630 0.423639 0.085490 0.131426
0 0.354964 0.064136 0.032156 0.034246
0 0.221745 0.166849 0.054594 0.076117
0 0.357187 0.146111 0.046375 0.044915
0 0.420969 0.136432 0.050375 0.052420
0 0.483297 0.129914 0.047927 0.054394
1 0.133854 0.154608 0.039708 0.077709
0 0.056632 0.166259 0.037708 0.052815
0 0.064966 0.228676 0.049042 0.074944
0 0.038486 0.375250 0.074889 0.113648
1 0.527406 0.175349 0.075708 0.095487
0 0.510630 0.229472 0.073260 0.059130
0 0.715187 0.186405 0.076146 0.070191
0 0.115854 0.079148 0.026375 0.038196
1 0.799969 0.315593 0.133708 0.113667
0 0.948187 0.318954 0.105708 0.102981
