0 0.960078 0.170009 0.034823 0.055574
0 0.759630 0.182262 0.041927 0.055587
0 0.120856 0.526361 0.149268 0.147241
0 0.124854 0.454852 0.131042 0.126704
0 0.068074 0.424630 0.095705 0.119185
0 0.364411 0.403694 0.103927 0.123130
0 0.962406 0.298213 0.049708 0.087574
0 0.870188 0.250213 0.045708 0.079278
1 0.765854 0.292676 0.057479 0.094685
1 0.288188 0.293463 0.065271 0.086000
0 0.428187 0.261472 0.073271 0.075722
0 0.896078 0.493167 0.079260 0.146444
0 0.639630 0.178111 0.045490 0.052815
0 0.511521 0.852287 0.187937 0.268907
