0 0.879188 0.161914 0.029937 0.047283
0 0.239521 0.528130 0.135042 0.154741
0 0.038597 0.518852 0.075111 0.143296
0 0.363745 0.343046 0.080823 0.091130
0 0.952297 0.264037 0.045927 0.075333
0 0.788297 0.261463 0.049927 0.071778
0 0.708187 0.260093 0.051937 0.070593
0 0.432078 0.222556 0.052594 0.057963
0 0.592854 0.230454 0.054146 0.062685
0 0.583406 0.182456 0.047708 0.058346
0 0.575297 0.161519 0.040823 0.046493
0 0.579187 0.702556 0.147708 0.227815
0 0.264745 0.879787 0.196156 0.244130
0 0.678745 0.159543 0.038823 0.052815
