0 0.889969 0.247843 0.037708 0.065056
0 0.045486 0.765370 0.088889 0.167778
0 0.742188 0.263639 0.044375 0.065056
0 0.787188 0.300185 0.049937 0.071000
0 0.976630 0.270556 0.048823 0.071000
0 0.123297 0.424630 0.119927 0.114444
0 0.073266 0.548083 0.144448 0.148019
0 0.851630 0.387102 0.063260 0.098648
0 0.966630 0.419685 0.068823 0.108519
0 0.593854 0.469074 0.105479 0.116407
0 0.658854 0.558954 0.117708 0.169759
0 0.432188 0.291296 0.066604 0.065074
0 0.578297 0.234009 0.049927 0.053204
1 0.547187 0.214259 0.043271 0.072963
