0 0.164630 0.376824 0.099927 0.104167
0 0.111967 0.537019 0.136378 0.153556
0 0.345969 0.433907 0.124375 0.134593
0 0.856964 0.203988 0.044594 0.072172
0 0.330854 0.267787 0.076812 0.074944
0 0.415411 0.250019 0.073927 0.088370
0 0.762521 0.315398 0.061042 0.086389
1 0.477854 0.241324 0.079708 0.106537
0 0.646740 0.167049 0.045042 0.055976
0 0.498630 0.805074 0.195490 0.281963
0 0.775630 0.743250 0.119260 0.240463
1 0.147408 0.904676 0.254372 0.194352
1 0.555969 0.150456 0.049708 0.067828
1 0.617078 0.146506 0.039490 0.063876
