0 0.237745 0.486852 0.086594 0.072963
0 0.068932 0.686750 0.135781 0.131426
0 0.065818 0.955639 0.129552 0.092426
0 0.338302 0.837472 0.178375 0.161056
0 0.585297 0.705324 0.126156 0.110093
2 0.292964 0.609519 0.112156 0.118407
0 0.612740 0.529324 0.270375 0.169759
0 0.965984 0.685176 0.070115 0.110019
0 0.127854 0.550463 0.059708 0.084815
0 0.045298 0.509370 0.050597 0.081667
0 0.797745 0.830806 0.406594 0.342093
0 0.796854 0.709870 0.099937 0.100222
0 0.611630 0.831537 0.151260 0.164222
0 0.977630 0.516481 0.046823 0.060333
