0 0.237745 0.486852 0.086594 0.072963
0 0.043708 0.697019 0.085333 0.113259
0 0.056151 0.959000 0.110219 0.085704
0 0.324969 0.841417 0.185042 0.170537
0 0.580406 0.714019 0.127042 0.106148
2 0.261073 0.616630 0.120375 0.118407
0 0.574745 0.533269 0.283260 0.175278
0 0.984411 0.666611 0.033260 0.096667
0 0.122410 0.552630 0.063930 0.088370
0 0.035264 0.514315 0.068445 0.083630
0 0.835854 0.820731 0.330375 0.362241
0 0.853854 0.688333 0.116604 0.112481
0 0.673297 0.783741 0.135490 0.147630
0 0.968411 0.526954 0.065260 0.070981
