0 0.956964 0.409028 0.088156 0.123537
0 0.765964 0.345815 0.123490 0.120370
0 0.589297 0.293074 0.083490 0.077296
0 0.435297 0.233222 0.058594 0.065852
0 0.545188 0.747194 0.193479 0.268907
0 0.206745 0.387296 0.065490 0.094296
1 0.793302 0.753519 0.271042 0.321852
0 0.562188 0.591546 0.155479 0.175685
0 0.369406 0.314019 0.181042 0.209259
0 0.918734 0.569241 0.164615 0.214037
0 0.473521 0.468278 0.143937 0.115630
0 0.292521 0.379593 0.068604 0.089148
1 0.780635 0.560139 0.165708 0.182389
0 0.951854 0.734954 0.098375 0.163833
0 0.723521 0.463935 0.146604 0.121944
0 0.556297 0.380778 0.107260 0.102593
0 0.239521 0.273519 0.042604 0.069815
0 0.197521 0.312037 0.042604 0.061519
