0 0.906078 0.319546 0.148156 0.134204
1 0.703521 0.244676 0.115042 0.109315
0 0.517745 0.199447 0.073260 0.070994
0 0.449406 0.180679 0.054375 0.057161
0 0.509969 0.239935 0.071042 0.076907
1 0.824406 0.694657 0.272375 0.328167
0 0.589854 0.534454 0.156604 0.170537
0 0.393854 0.264630 0.182812 0.204519
0 0.950745 0.500278 0.100594 0.172519
0 0.644740 0.454259 0.163708 0.143667
0 0.432297 0.420870 0.110823 0.125111
1 0.830078 0.519639 0.176594 0.206500
0 0.963411 0.665028 0.075260 0.148019
0 0.800745 0.419889 0.160594 0.125519
0 0.626969 0.340676 0.122375 0.110093
0 0.296854 0.300389 0.067479 0.101407
0 0.357745 0.355296 0.077260 0.096667
0 0.516078 0.282806 0.080594 0.098648
0 0.299078 0.238954 0.043927 0.056759
0 0.257635 0.217417 0.041042 0.050056
0 0.246854 0.267389 0.047479 0.067037
