0 0.844078 0.367935 0.134823 0.129056
0 0.708740 0.331000 0.106375 0.092333
0 0.554406 0.270167 0.081708 0.086000
0 0.696302 0.882361 0.279708 0.238981
1 0.445302 0.230852 0.067042 0.070593
1 0.209964 0.387296 0.071490 0.113259
0 0.927078 0.473620 0.147927 0.127093
1 0.806188 0.759444 0.266604 0.328963
0 0.572411 0.594306 0.154156 0.170944
0 0.379964 0.316981 0.182156 0.205704
0 0.921854 0.560926 0.158375 0.200556
0 0.629302 0.515685 0.165708 0.148815
0 0.394411 0.457222 0.104823 0.120370
1 0.809406 0.585222 0.169042 0.212815
0 0.953411 0.733963 0.095260 0.166593
0 0.751745 0.470657 0.153260 0.123537
0 0.573854 0.380185 0.112146 0.104556
0 0.251521 0.326065 0.054146 0.091130
0 0.319854 0.396583 0.074375 0.094685
0 0.472297 0.326065 0.080594 0.098241
0 0.267188 0.277472 0.049479 0.065056
