0 0.906411 0.362611 0.143927 0.112074
0 0.717740 0.295250 0.111042 0.104574
1 0.609406 0.249815 0.094375 0.088778
0 0.505745 0.222954 0.070156 0.066648
0 0.433078 0.201021 0.056823 0.057550
0 0.499302 0.254759 0.071042 0.071778
1 0.814406 0.725667 0.272375 0.325407
0 0.579521 0.563694 0.155937 0.170537
0 0.384411 0.290898 0.182594 0.207278
0 0.944745 0.532685 0.112594 0.172519
0 0.634854 0.485278 0.165271 0.141704
0 0.422411 0.449519 0.114156 0.126296
1 0.819073 0.548287 0.175042 0.203722
0 0.957521 0.698009 0.087042 0.155537
0 0.761964 0.441222 0.155490 0.127074
0 0.615964 0.368537 0.121260 0.107333
0 0.286630 0.327648 0.067927 0.096667
0 0.348187 0.383343 0.076812 0.095870
0 0.501297 0.311833 0.089260 0.106148
0 0.289964 0.264833 0.042594 0.058741
0 0.247630 0.245667 0.040156 0.053593
0 0.238854 0.295444 0.045271 0.070185
