0 0.905073 0.373472 0.144375 0.117204
0 0.705078 0.294852 0.110156 0.103000
1 0.564854 0.245472 0.089271 0.080870
0 0.455740 0.215444 0.063042 0.059519
0 0.395078 0.197472 0.050156 0.051241
0 0.624188 0.826602 0.237708 0.297352
1 0.812187 0.744630 0.268813 0.331741
0 0.578297 0.583639 0.156594 0.171722
0 0.386078 0.307102 0.178823 0.207278
0 0.942745 0.551056 0.116594 0.173704
0 0.633854 0.502648 0.167708 0.144074
0 0.420521 0.461176 0.112146 0.124315
1 0.814969 0.569815 0.174375 0.211222
0 0.956630 0.720926 0.088823 0.165815
0 0.759406 0.459194 0.154375 0.128278
0 0.614964 0.386111 0.123260 0.104556
0 0.284964 0.340676 0.072156 0.100611
0 0.346078 0.396972 0.078823 0.094685
0 0.499964 0.326852 0.079927 0.104556
0 0.286630 0.279444 0.042156 0.057148
0 0.246635 0.259694 0.044375 0.053204
0 0.237745 0.304130 0.046594 0.067037
