0 0.848854 0.366954 0.137708 0.124722
0 0.709521 0.332185 0.106604 0.089148
0 0.565297 0.272528 0.083490 0.086796
0 0.778078 0.934704 0.233490 0.134296
1 0.457073 0.231648 0.064375 0.068222
1 0.243078 0.427000 0.084823 0.136556
0 0.354521 0.204581 0.047271 0.049654
0 0.500854 0.295843 0.072813 0.075722
1 0.807188 0.758463 0.265479 0.327778
0 0.572740 0.594509 0.154375 0.169759
0 0.381078 0.315991 0.182156 0.205315
0 0.922188 0.559935 0.157708 0.199389
0 0.629411 0.515500 0.165490 0.150000
0 0.403854 0.463148 0.108146 0.124333
1 0.809964 0.585611 0.168823 0.215185
0 0.953854 0.732778 0.094375 0.165815
0 0.754411 0.469074 0.153260 0.124333
0 0.573854 0.380185 0.112146 0.104556
0 0.258187 0.328037 0.060375 0.086407
0 0.328630 0.398759 0.074594 0.094296
0 0.471630 0.325861 0.083260 0.098648
0 0.270078 0.281028 0.044594 0.060315
