0 0.938188 0.329028 0.125708 0.146056
1 0.761521 0.252981 0.125271 0.113259
0 0.523854 0.185620 0.072146 0.063093
0 0.456630 0.163889 0.053260 0.055185
0 0.514964 0.225130 0.069927 0.078889
1 0.827188 0.688333 0.272146 0.337667
0 0.592187 0.525370 0.157708 0.173704
0 0.396078 0.252775 0.183260 0.205302
0 0.953297 0.492778 0.095490 0.175667
0 0.646630 0.445370 0.162156 0.144074
0 0.434411 0.411787 0.113260 0.124315
1 0.832740 0.516481 0.174375 0.215185
0 0.963297 0.657722 0.075490 0.150000
0 0.804969 0.416731 0.161042 0.134204
0 0.628854 0.330806 0.119938 0.104574
0 0.297187 0.290306 0.069937 0.098648
0 0.359964 0.346602 0.079927 0.100611
0 0.517188 0.274509 0.083271 0.098648
0 0.301630 0.229074 0.043260 0.055185
0 0.259406 0.211296 0.041042 0.051222
0 0.249964 0.261667 0.046594 0.069000
