1 0.926187 0.290315 0.149708 0.145259
0 0.724187 0.230852 0.112812 0.096667
0 0.609854 0.191345 0.085479 0.076124
0 0.523854 0.153021 0.072146 0.072957
0 0.456740 0.141370 0.049042 0.051233
0 0.516297 0.197667 0.067260 0.075333
1 0.827964 0.661463 0.271490 0.326593
0 0.592635 0.502852 0.157708 0.171333
0 0.397187 0.231447 0.183271 0.198994
0 0.952854 0.466704 0.096375 0.167778
0 0.648740 0.424630 0.161042 0.142111
0 0.436745 0.389861 0.112594 0.124722
1 0.833854 0.493370 0.176604 0.214000
0 0.965854 0.635000 0.070375 0.150407
0 0.807854 0.393417 0.160604 0.127093
0 0.630073 0.308880 0.123708 0.101796
0 0.298969 0.269963 0.069042 0.093519
0 0.361073 0.326463 0.077708 0.096667
0 0.518854 0.252778 0.079042 0.104963
0 0.302406 0.210901 0.041708 0.055976
0 0.261302 0.191343 0.041708 0.053204
0 0.250854 0.241519 0.043937 0.069000
