0 0.852187 0.371296 0.135479 0.134185
0 0.709964 0.328833 0.102156 0.084815
0 0.568854 0.271546 0.082146 0.080870
0 0.812188 0.966111 0.175479 0.071481
1 0.461078 0.233028 0.068823 0.070981
1 0.263854 0.450306 0.092146 0.142093
0 0.362745 0.206358 0.049927 0.053209
0 0.533297 0.308093 0.082156 0.078889
1 0.807188 0.758463 0.265479 0.327778
0 0.572740 0.594509 0.154375 0.169759
0 0.381078 0.315991 0.182156 0.205315
0 0.922188 0.559935 0.157708 0.199389
0 0.629411 0.515500 0.165490 0.150000
0 0.408297 0.467102 0.109927 0.124315
1 0.809964 0.585611 0.168823 0.215185
0 0.953854 0.732778 0.094375 0.165815
0 0.754411 0.469074 0.153260 0.124333
0 0.573854 0.380185 0.112146 0.104556
0 0.260521 0.330806 0.058813 0.088759
0 0.331635 0.399935 0.074375 0.092722
0 0.471630 0.325861 0.083260 0.098648
0 0.272745 0.279444 0.045490 0.057148
