0 0.896302 0.383546 0.146375 0.137352
0 0.711187 0.326454 0.105479 0.085611
0 0.582297 0.273519 0.085490 0.085593
1 0.485188 0.235398 0.070813 0.070204
1 0.444854 0.655148 0.172375 0.257074
0 0.400521 0.215241 0.053937 0.052815
0 0.819964 0.428778 0.148823 0.125111
0 0.479411 0.278454 0.071260 0.067833
1 0.807188 0.758463 0.265479 0.327778
0 0.572740 0.594509 0.154375 0.169759
0 0.381078 0.315991 0.182156 0.205315
0 0.922188 0.559935 0.157708 0.199389
0 0.629411 0.515500 0.165490 0.150000
0 0.417745 0.474019 0.113260 0.126296
1 0.809964 0.585611 0.168823 0.215185
0 0.953854 0.732778 0.094375 0.165815
0 0.754411 0.469074 0.153260 0.124333
0 0.584854 0.382759 0.115042 0.107333
0 0.279411 0.342259 0.072156 0.092704
0 0.343969 0.406259 0.077708 0.099037
0 0.471630 0.325861 0.083260 0.098648
0 0.282630 0.284778 0.039927 0.057556
