0 0.847188 0.367741 0.137937 0.128667
0 0.708854 0.329222 0.106604 0.089556
0 0.561854 0.271343 0.082812 0.082056
0 0.739078 0.908231 0.258594 0.187241
1 0.452745 0.228287 0.067260 0.065463
1 0.227187 0.407833 0.077479 0.120370
0 0.348187 0.201225 0.043479 0.043735
0 0.471635 0.282009 0.065042 0.068611
1 0.807188 0.758463 0.265479 0.327778
0 0.572740 0.594509 0.154375 0.169759
0 0.381078 0.315991 0.182156 0.205315
0 0.922188 0.559935 0.157708 0.199389
0 0.629411 0.515500 0.165490 0.150000
0 0.400073 0.460574 0.107708 0.121556
1 0.809964 0.585611 0.168823 0.215185
0 0.953854 0.732778 0.094375 0.165815
0 0.754411 0.471046 0.154156 0.126685
0 0.573854 0.380185 0.112146 0.104556
0 0.254635 0.327833 0.056375 0.088370
0 0.325188 0.397167 0.074375 0.096667
0 0.471630 0.325861 0.083260 0.098648
0 0.268740 0.279046 0.047708 0.059537
