0 0.908078 0.357074 0.144594 0.117593
0 0.719078 0.292093 0.110594 0.103778
1 0.614187 0.244287 0.094146 0.091130
0 0.511740 0.217611 0.069708 0.064667
0 0.443854 0.195099 0.054375 0.054394
0 0.201187 0.348389 0.065042 0.086000
0 0.503188 0.250407 0.070813 0.078111
1 0.814964 0.723889 0.272156 0.325815
0 0.579964 0.561917 0.155490 0.171722
0 0.383854 0.289324 0.183271 0.207278
0 0.944964 0.530306 0.112156 0.171722
0 0.634964 0.483889 0.165490 0.142111
0 0.422740 0.448333 0.114375 0.126296
1 0.819406 0.547102 0.174375 0.205315
0 0.957745 0.695250 0.086594 0.153944
0 0.762188 0.439444 0.155479 0.128259
0 0.616073 0.366352 0.121042 0.108519
0 0.286630 0.326852 0.068823 0.096667
0 0.348297 0.382167 0.076594 0.096667
0 0.501073 0.310065 0.091042 0.106537
0 0.290521 0.262657 0.043271 0.059130
0 0.247745 0.243889 0.039927 0.053222
0 0.239411 0.294259 0.045490 0.071000
