0 0.871521 0.377417 0.139479 0.130648
0 0.661411 0.306315 0.101927 0.099037
0 0.494073 0.255352 0.069042 0.068222
0 0.376964 0.207349 0.051260 0.055191
0 0.665745 0.852528 0.259490 0.298648
0 0.288411 0.474796 0.092823 0.135778
1 0.793302 0.753519 0.271042 0.321852
0 0.562188 0.591546 0.155479 0.175685
0 0.369406 0.314019 0.181042 0.209259
0 0.916401 0.574954 0.169281 0.225463
0 0.360297 0.429759 0.100156 0.109704
0 0.244964 0.329611 0.048594 0.077704
1 0.596745 0.457620 0.108594 0.163833
0 0.800854 0.623148 0.201708 0.175667
0 0.698521 0.457815 0.137479 0.130259
0 0.470073 0.332185 0.081042 0.081259
