0 0.876854 0.379796 0.141708 0.132222
0 0.667078 0.306898 0.103490 0.098648
0 0.497964 0.256528 0.069260 0.067426
0 0.379521 0.208132 0.051042 0.055180
0 0.686521 0.861815 0.271271 0.280074
0 0.296411 0.484093 0.096823 0.139333
1 0.793302 0.753519 0.271042 0.321852
0 0.562188 0.591546 0.155479 0.175685
0 0.369406 0.314019 0.181042 0.209259
0 0.916505 0.574685 0.169073 0.224926
0 0.363854 0.431741 0.101938 0.109704
0 0.247073 0.331981 0.048375 0.077704
1 0.604521 0.463935 0.110375 0.166981
0 0.814302 0.632037 0.205042 0.183185
0 0.700078 0.459787 0.138823 0.130241
0 0.475745 0.333963 0.079927 0.081667
