0 0.861187 0.371889 0.139271 0.133000
0 0.709302 0.328231 0.105708 0.091537
0 0.574740 0.273120 0.083708 0.083241
1 0.471854 0.236380 0.069042 0.069019
1 0.317854 0.513713 0.118813 0.175685
0 0.379740 0.209519 0.051042 0.045296
0 0.621406 0.345815 0.101042 0.093519
1 0.807188 0.758463 0.265479 0.327778
0 0.572740 0.594509 0.154375 0.169759
0 0.381078 0.315991 0.182156 0.205315
0 0.922188 0.559935 0.157708 0.199389
0 0.629411 0.515500 0.165490 0.150000
0 0.415078 0.473611 0.111927 0.133407
1 0.809964 0.585611 0.168823 0.215185
0 0.953854 0.732778 0.094375 0.165815
0 0.754411 0.469074 0.153260 0.124333
0 0.573854 0.380185 0.112146 0.104556
0 0.267854 0.340287 0.065042 0.093500
0 0.337740 0.404278 0.075042 0.099037
0 0.471630 0.325861 0.083260 0.098648
0 0.278187 0.285759 0.043937 0.063481
