0 0.872521 0.369519 0.138812 0.111667
0 0.672187 0.291093 0.104813 0.097852
1 0.536745 0.243102 0.083260 0.083241
0 0.443302 0.217620 0.061708 0.059130
0 0.383521 0.200824 0.046604 0.050833
0 0.298854 0.477565 0.096375 0.130241
1 0.812187 0.744630 0.268813 0.331741
0 0.578297 0.583639 0.156594 0.171722
0 0.386078 0.307102 0.178823 0.207278
0 0.942745 0.551056 0.116594 0.173704
0 0.633854 0.502648 0.167708 0.144074
0 0.420521 0.461176 0.112146 0.124315
1 0.814969 0.569815 0.174375 0.211222
0 0.956630 0.720926 0.088823 0.165815
0 0.759406 0.459194 0.154375 0.128278
0 0.614964 0.386111 0.123260 0.104556
0 0.284964 0.340676 0.072156 0.100611
0 0.346078 0.396972 0.078823 0.094685
0 0.499964 0.326852 0.079927 0.104556
0 0.286630 0.279444 0.042156 0.057148
0 0.246635 0.259694 0.044375 0.053204
0 0.235187 0.304926 0.046375 0.067815
