0 0.975964 0.417120 0.050156 0.117611
0 0.810187 0.358852 0.131479 0.126704
0 0.635630 0.306704 0.088156 0.084037
0 0.465740 0.241519 0.067042 0.072185
0 0.747740 0.886898 0.260375 0.229907
0 0.278187 0.475787 0.094146 0.128278
1 0.367411 0.202803 0.053927 0.055580
0 0.607964 0.333370 0.080823 0.092333
1 0.802188 0.763389 0.271042 0.333704
0 0.571078 0.593519 0.153260 0.175667
0 0.375521 0.320926 0.182146 0.207296
0 0.920521 0.564880 0.161042 0.205315
0 0.545078 0.484287 0.157260 0.123130
0 0.318297 0.400528 0.081490 0.105759
1 0.807188 0.583648 0.169937 0.203333
0 0.951630 0.738704 0.098823 0.169741
0 0.722854 0.464528 0.147937 0.127093
0 0.573411 0.388481 0.115260 0.110889
0 0.240078 0.281222 0.043260 0.071000
0 0.236187 0.336139 0.057708 0.077315
0 0.464745 0.327056 0.080156 0.102593
