0 0.844521 0.367148 0.135708 0.122741
0 0.708521 0.331398 0.105938 0.091537
0 0.552188 0.269370 0.080812 0.084407
0 0.683406 0.876824 0.277042 0.250056
1 0.443740 0.230454 0.065708 0.069796
1 0.206630 0.383741 0.070156 0.110889
0 0.917964 0.466898 0.166156 0.124722
1 0.804187 0.761426 0.268813 0.331333
0 0.571740 0.593917 0.153708 0.173315
0 0.377745 0.318954 0.182156 0.206500
0 0.921187 0.562898 0.159708 0.202944
0 0.629078 0.516093 0.166156 0.146444
0 0.393297 0.457222 0.103490 0.120370
1 0.808297 0.584426 0.169490 0.208074
0 0.952521 0.736333 0.097042 0.168185
0 0.750854 0.471843 0.153271 0.125907
0 0.573854 0.380185 0.112146 0.104556
0 0.251302 0.326463 0.053708 0.091926
0 0.318521 0.393815 0.074375 0.090741
0 0.473630 0.326454 0.075260 0.097463
0 0.266078 0.277472 0.050823 0.065056
