0 0.853969 0.372083 0.139042 0.132611
0 0.709078 0.327250 0.103927 0.087981
0 0.570187 0.273120 0.083042 0.084019
1 0.464188 0.232241 0.066146 0.069407
1 0.274078 0.461370 0.096594 0.148407
0 0.366745 0.206361 0.047260 0.050056
0 0.551521 0.317565 0.086604 0.082056
1 0.807188 0.758463 0.265479 0.327778
0 0.572740 0.594509 0.154375 0.169759
0 0.381078 0.315991 0.182156 0.205315
0 0.922188 0.559935 0.157708 0.199389
0 0.629411 0.515500 0.165490 0.150000
0 0.409630 0.466315 0.110823 0.122741
1 0.809964 0.585611 0.168823 0.215185
0 0.953854 0.732778 0.094375 0.165815
0 0.754411 0.469074 0.153260 0.124333
0 0.573854 0.380185 0.112146 0.104556
0 0.263188 0.331593 0.062375 0.090333
0 0.332078 0.403102 0.075260 0.095870
0 0.471630 0.325861 0.083260 0.098648
0 0.274521 0.283398 0.045479 0.061907
