0 0.876630 0.378407 0.142156 0.136556
0 0.709969 0.325074 0.104375 0.085222
0 0.579187 0.275296 0.085479 0.084407
1 0.478521 0.238556 0.071271 0.073370
1 0.376521 0.578898 0.141042 0.208870
0 0.391406 0.217028 0.053042 0.055574
0 0.716521 0.384528 0.120146 0.102204
1 0.807188 0.758463 0.265479 0.327778
0 0.572740 0.594509 0.154375 0.169759
0 0.381078 0.315991 0.182156 0.205315
0 0.922188 0.559935 0.157708 0.199389
0 0.629411 0.515500 0.165490 0.150000
0 0.417745 0.474019 0.113260 0.126296
1 0.809964 0.585611 0.168823 0.215185
0 0.953854 0.732778 0.094375 0.165815
0 0.754411 0.469074 0.153260 0.124333
0 0.579297 0.381574 0.112823 0.107333
0 0.275964 0.343639 0.068823 0.094685
0 0.342964 0.408630 0.077490 0.098259
0 0.471630 0.325861 0.083260 0.098648
0 0.281297 0.288139 0.041260 0.062685
