0 0.965854 0.328824 0.070375 0.124315
1 0.788297 0.258111 0.125927 0.121148
0 0.544297 0.189173 0.077490 0.068617
0 0.455745 0.162905 0.057260 0.058746
0 0.514964 0.225130 0.069927 0.078889
1 0.827188 0.688333 0.272146 0.337667
0 0.592187 0.525370 0.157708 0.173704
0 0.396078 0.252775 0.183260 0.205302
0 0.953297 0.492778 0.095490 0.175667
0 0.647078 0.443796 0.162156 0.144074
0 0.434854 0.409417 0.110604 0.124315
1 0.832740 0.511352 0.174375 0.208074
0 0.963964 0.654556 0.074156 0.146852
0 0.805188 0.415546 0.162375 0.134981
0 0.629078 0.328435 0.121260 0.104574
0 0.298521 0.287935 0.069937 0.098648
0 0.359969 0.345019 0.079042 0.099037
0 0.517411 0.272528 0.082823 0.101019
0 0.300521 0.227102 0.041937 0.055981
0 0.259406 0.207738 0.041042 0.053598
0 0.250406 0.258907 0.045708 0.068222
