0 0.977745 0.417722 0.046594 0.120370
0 0.826078 0.364380 0.136594 0.128278
0 0.657187 0.315000 0.098812 0.084815
0 0.486078 0.248824 0.069927 0.074944
0 0.833854 0.932528 0.214375 0.138648
0 0.331073 0.536231 0.117708 0.151981
1 0.379964 0.209318 0.053260 0.055180
0 0.711078 0.369324 0.095490 0.094685
0 0.466078 0.275491 0.065490 0.057167
1 0.802188 0.763389 0.271042 0.333704
0 0.571078 0.593519 0.153260 0.175667
0 0.375521 0.320926 0.182146 0.207296
0 0.920521 0.564880 0.161042 0.205315
0 0.577188 0.495741 0.163271 0.142111
0 0.334406 0.413769 0.084375 0.104574
1 0.807188 0.583648 0.169937 0.203333
0 0.951630 0.738704 0.098823 0.169741
0 0.724964 0.461167 0.145490 0.132222
0 0.571078 0.383148 0.113260 0.098630
0 0.241078 0.285370 0.042156 0.072963
0 0.256073 0.343639 0.061042 0.074944
0 0.472745 0.325861 0.072156 0.094685
