0 0.957745 0.409815 0.086594 0.124333
0 0.767188 0.346611 0.123271 0.120370
0 0.590521 0.293269 0.083271 0.076907
0 0.436078 0.234009 0.058823 0.065056
0 0.550521 0.752528 0.196604 0.272463
0 0.208297 0.390056 0.065490 0.096667
1 0.346630 0.201419 0.048823 0.051235
0 0.466635 0.280426 0.057708 0.067037
1 0.793302 0.753519 0.271042 0.321852
0 0.562188 0.591546 0.155479 0.175685
0 0.369406 0.314019 0.181042 0.209259
0 0.918771 0.569157 0.164542 0.213870
0 0.475521 0.469074 0.144375 0.116407
0 0.293297 0.381167 0.068823 0.090741
1 0.783297 0.561917 0.166594 0.183574
0 0.952188 0.735741 0.097708 0.163815
0 0.723297 0.464139 0.146594 0.122352
0 0.557187 0.381167 0.107708 0.102593
0 0.239964 0.273519 0.042156 0.069000
0 0.198297 0.313019 0.043260 0.061111
