0 0.958521 0.401519 0.085042 0.129852
0 0.755188 0.333370 0.111708 0.093889
0 0.607969 0.274704 0.089708 0.089556
1 0.501969 0.237565 0.073708 0.078500
0 0.424297 0.217417 0.058823 0.054796
0 0.365187 0.199447 0.045042 0.047291
0 0.832078 0.423250 0.154823 0.125907
1 0.808297 0.748574 0.272156 0.327778
0 0.574964 0.582657 0.158823 0.169759
0 0.381635 0.309074 0.181042 0.207296
0 0.927292 0.547130 0.147500 0.190963
0 0.630521 0.506602 0.165479 0.148019
0 0.418302 0.465120 0.114375 0.128278
1 0.813297 0.567833 0.175490 0.203333
0 0.954964 0.725870 0.092156 0.167778
0 0.755521 0.461167 0.153271 0.132222
0 0.611411 0.386704 0.121490 0.107333
0 0.281630 0.342657 0.069927 0.100611
0 0.344406 0.399935 0.077708 0.100611
0 0.485521 0.321324 0.068812 0.095870
0 0.283302 0.282407 0.037708 0.059148
0 0.244411 0.262463 0.042156 0.056370
0 0.202078 0.282009 0.042823 0.058352
