0 0.966630 0.416722 0.068823 0.126296
0 0.781078 0.352537 0.122156 0.120370
0 0.604969 0.300185 0.087708 0.078889
0 0.444411 0.236981 0.062156 0.067037
0 0.604964 0.815741 0.218823 0.311963
0 0.225521 0.412778 0.071042 0.098630
1 0.352188 0.203398 0.051042 0.051241
0 0.501630 0.294259 0.065490 0.074926
1 0.793302 0.753519 0.271042 0.321852
0 0.562188 0.591546 0.155479 0.175685
0 0.369406 0.314019 0.181042 0.209259
0 0.919130 0.568278 0.163823 0.212111
0 0.495521 0.471046 0.153271 0.116426
0 0.302187 0.388083 0.075479 0.092722
1 0.799411 0.582648 0.169927 0.197407
0 0.953854 0.741667 0.094375 0.171741
0 0.724411 0.464139 0.148823 0.122352
0 0.565521 0.387102 0.113271 0.118389
0 0.240521 0.280426 0.045479 0.078889
0 0.211078 0.321917 0.055490 0.070981
