0 0.905521 0.371296 0.142146 0.110481
0 0.715854 0.299398 0.110812 0.104167
1 0.584854 0.252574 0.091042 0.087185
0 0.467630 0.218019 0.063260 0.059926
0 0.402854 0.198262 0.049708 0.049661
0 0.502406 0.266407 0.077708 0.067444
1 0.812187 0.732778 0.273271 0.323815
0 0.577740 0.570806 0.157708 0.165796
0 0.386630 0.297222 0.179927 0.207296
0 0.943854 0.542157 0.114375 0.175685
0 0.634406 0.490806 0.164375 0.140130
0 0.421078 0.454259 0.113260 0.126296
1 0.817740 0.553019 0.177708 0.197407
0 0.956630 0.709074 0.088823 0.161852
0 0.761078 0.448333 0.155490 0.122333
0 0.615521 0.377222 0.122146 0.102593
0 0.286635 0.330796 0.064375 0.096667
0 0.347740 0.388083 0.077708 0.092722
0 0.503078 0.319741 0.082156 0.103000
0 0.287745 0.273519 0.039927 0.057148
0 0.247187 0.252778 0.041042 0.055185
0 0.236635 0.300185 0.044375 0.067037
