0 0.897521 0.372481 0.140813 0.112852
0 0.694969 0.291296 0.106375 0.100630
1 0.555078 0.241722 0.086594 0.081259
0 0.449854 0.213463 0.061042 0.056370
0 0.390411 0.196287 0.048823 0.048870
0 0.474854 0.673519 0.169271 0.225074
1 0.812187 0.744630 0.268813 0.331741
0 0.578297 0.583639 0.156594 0.171722
0 0.386078 0.307102 0.178823 0.207278
0 0.942745 0.551056 0.116594 0.173704
0 0.633854 0.502648 0.167708 0.144074
0 0.420521 0.461176 0.112146 0.124315
1 0.814969 0.569815 0.174375 0.211222
0 0.956630 0.720926 0.088823 0.165815
0 0.759406 0.459194 0.154375 0.128278
0 0.614964 0.386111 0.123260 0.104556
0 0.284964 0.340676 0.072156 0.100611
0 0.346078 0.396972 0.078823 0.094685
0 0.499964 0.326852 0.079927 0.104556
0 0.286630 0.279444 0.042156 0.057148
0 0.246635 0.259694 0.044375 0.053204
0 0.237745 0.304130 0.046594 0.067037
