0 0.906188 0.372093 0.142604 0.112074
0 0.709521 0.294852 0.109271 0.103778
1 0.572521 0.247444 0.089042 0.085593
0 0.459740 0.217611 0.063042 0.062296
0 0.398745 0.200034 0.049490 0.052413
0 0.731854 0.883343 0.280604 0.237019
1 0.812187 0.744630 0.268813 0.331741
0 0.578297 0.583639 0.156594 0.171722
0 0.386078 0.307102 0.178823 0.207278
0 0.942745 0.551056 0.116594 0.173704
0 0.633854 0.502648 0.167708 0.144074
0 0.420521 0.461176 0.112146 0.124315
1 0.814969 0.569815 0.174375 0.211222
0 0.956630 0.720926 0.088823 0.165815
0 0.759406 0.459194 0.154375 0.128278
0 0.614964 0.386111 0.123260 0.104556
0 0.284964 0.340676 0.072156 0.100611
0 0.346078 0.396972 0.078823 0.094685
0 0.499964 0.326852 0.079927 0.104556
0 0.286630 0.279444 0.042156 0.057148
0 0.246635 0.259694 0.044375 0.053204
0 0.237745 0.304130 0.046594 0.067037
