0 0.967854 0.328824 0.066375 0.124315
1 0.789406 0.258509 0.126375 0.121944
0 0.546969 0.190753 0.078375 0.070198
0 0.455964 0.162898 0.056823 0.060315
0 0.514964 0.225130 0.069927 0.078889
1 0.827188 0.688333 0.272146 0.337667
0 0.592187 0.525370 0.157708 0.173704
0 0.396078 0.252775 0.183260 0.205302
0 0.953297 0.492778 0.095490 0.175667
0 0.647521 0.442204 0.162146 0.144074
0 0.435297 0.407046 0.107927 0.124315
1 0.832740 0.506204 0.174375 0.200963
0 0.964630 0.651398 0.072823 0.143685
0 0.805406 0.414352 0.163708 0.135778
0 0.629297 0.326065 0.122594 0.104574
0 0.299854 0.285565 0.069937 0.098648
0 0.359964 0.343444 0.078156 0.097444
0 0.517635 0.270556 0.082375 0.103370
0 0.299411 0.225120 0.040594 0.056759
0 0.259406 0.204182 0.041042 0.055969
0 0.250854 0.256139 0.044813 0.067426
