0 0.341969 0.198259 0.069708 0.131037
0 0.903297 0.201556 0.195490 0.399407
0 0.298521 0.121024 0.082812 0.113259
1 0.289406 0.592139 0.182375 0.379130
0 0.368411 0.036618 0.048823 0.069531
0 0.403073 0.124581 0.069708 0.104569
0 0.485969 0.209713 0.080375 0.139722
1 0.708964 0.095741 0.063260 0.111678
0 0.611969 0.054655 0.053708 0.071383
0 0.505630 0.060976 0.056594 0.094297
2 0.463635 0.015086 0.051708 0.026469
0 0.324854 0.014692 0.073271 0.025680
0 0.901745 0.630065 0.198594 0.289056
0 0.993078 0.383148 0.015927 0.153963
