0 0.343635 0.187991 0.067708 0.119981
0 0.905297 0.204917 0.191490 0.406130
0 0.309521 0.107000 0.079479 0.102593
1 0.336630 0.451491 0.147490 0.291426
0 0.369969 0.034049 0.044375 0.064394
0 0.409078 0.115692 0.068823 0.101013
0 0.492521 0.172182 0.076146 0.129450
1 0.723964 0.129910 0.074156 0.128661
0 0.618302 0.097123 0.061042 0.086791
0 0.507521 0.049456 0.053271 0.095209
2 0.463521 0.013111 0.046604 0.022519
0 0.320745 0.013308 0.074823 0.022913
0 0.922854 0.818361 0.156375 0.366981
0 0.993964 0.403296 0.014156 0.123148
